% 116
1.0 1.0 1
2.0 1.0 0
3.0 1.0 0
4.0 1.0 1
5.0 1.0 0
6.0 1.0 0
7.0 1.0 0
8.0 1.0 0
9.0 1.0 0
10.0 1.0 0
11.0 1.0 0
12.0 1.0 0
13.0 1.0 0
14.0 1.0 0
15.0 1.0 0
16.0 1.0 0
17.0 1.0 0
18.0 1.0 0
19.0 1.0 0
20.0 1.0 0
21.0 1.0 0
22.0 1.0 0
23.0 1.0 0
24.0 1.0 0
25.0 1.0 0
26.0 1.0 0
27.0 1.0 0
28.0 1.0 0
29.0 1.0 0
30.0 1.0 0
31.0 1.0 0
32.0 1.0 0
33.0 1.0 0
34.0 1.0 0
35.0 1.0 0
36.0 1.0 0
37.0 1.0 0
38.0 1.0 0
39.0 1.0 0

1.0 1.5 0
2.0 1.5 1
3.0 1.5 0
4.0 1.5 0
5.0 1.5 0
6.0 1.5 0
7.0 1.5 0
8.0 1.5 0
9.0 1.5 0
10.0 1.5 0
11.0 1.5 0
12.0 1.5 0
13.0 1.5 0
14.0 1.5 0
15.0 1.5 0
16.0 1.5 0
17.0 1.5 0
18.0 1.5 0
19.0 1.5 0
20.0 1.5 0
21.0 1.5 0
22.0 1.5 0
23.0 1.5 0
24.0 1.5 0
25.0 1.5 0
26.0 1.5 0
27.0 1.5 0
28.0 1.5 0
29.0 1.5 0
30.0 1.5 0
31.0 1.5 0
32.0 1.5 0
33.0 1.5 0
34.0 1.5 0
35.0 1.5 0
36.0 1.5 0
37.0 1.5 0
38.0 1.5 0
39.0 1.5 0

1.0 2.0 0
2.0 2.0 0
3.0 2.0 0
4.0 2.0 0
5.0 2.0 1
6.0 2.0 0
7.0 2.0 0
8.0 2.0 0
9.0 2.0 0
10.0 2.0 0
11.0 2.0 0
12.0 2.0 0
13.0 2.0 0
14.0 2.0 0
15.0 2.0 0
16.0 2.0 0
17.0 2.0 0
18.0 2.0 0
19.0 2.0 0
20.0 2.0 0
21.0 2.0 0
22.0 2.0 0
23.0 2.0 0
24.0 2.0 0
25.0 2.0 0
26.0 2.0 0
27.0 2.0 0
28.0 2.0 0
29.0 2.0 0
30.0 2.0 0
31.0 2.0 0
32.0 2.0 0
33.0 2.0 0
34.0 2.0 0
35.0 2.0 0
36.0 2.0 0
37.0 2.0 0
38.0 2.0 0
39.0 2.0 0

1.0 2.5 0
2.0 2.5 0
3.0 2.5 0
4.0 2.5 0
5.0 2.5 0
6.0 2.5 0
7.0 2.5 0
8.0 2.5 0
9.0 2.5 0
10.0 2.5 0
11.0 2.5 0
12.0 2.5 0
13.0 2.5 0
14.0 2.5 0
15.0 2.5 0
16.0 2.5 0
17.0 2.5 0
18.0 2.5 0
19.0 2.5 0
20.0 2.5 0
21.0 2.5 0
22.0 2.5 0
23.0 2.5 0
24.0 2.5 0
25.0 2.5 0
26.0 2.5 0
27.0 2.5 0
28.0 2.5 0
29.0 2.5 0
30.0 2.5 0
31.0 2.5 0
32.0 2.5 0
33.0 2.5 0
34.0 2.5 0
35.0 2.5 0
36.0 2.5 0
37.0 2.5 0
38.0 2.5 0
39.0 2.5 0

1.0 3.0 0
2.0 3.0 0
3.0 3.0 0
4.0 3.0 4
5.0 3.0 1
6.0 3.0 1
7.0 3.0 1
8.0 3.0 0
9.0 3.0 1
10.0 3.0 0
11.0 3.0 0
12.0 3.0 0
13.0 3.0 0
14.0 3.0 0
15.0 3.0 0
16.0 3.0 0
17.0 3.0 0
18.0 3.0 0
19.0 3.0 0
20.0 3.0 0
21.0 3.0 0
22.0 3.0 0
23.0 3.0 0
24.0 3.0 0
25.0 3.0 0
26.0 3.0 0
27.0 3.0 0
28.0 3.0 0
29.0 3.0 0
30.0 3.0 0
31.0 3.0 0
32.0 3.0 0
33.0 3.0 0
34.0 3.0 0
35.0 3.0 0
36.0 3.0 0
37.0 3.0 0
38.0 3.0 0
39.0 3.0 0

1.0 3.5 0
2.0 3.5 0
3.0 3.5 0
4.0 3.5 4
5.0 3.5 2
6.0 3.5 0
7.0 3.5 0
8.0 3.5 0
9.0 3.5 0
10.0 3.5 0
11.0 3.5 0
12.0 3.5 0
13.0 3.5 0
14.0 3.5 1
15.0 3.5 0
16.0 3.5 0
17.0 3.5 0
18.0 3.5 0
19.0 3.5 0
20.0 3.5 1
21.0 3.5 0
22.0 3.5 0
23.0 3.5 0
24.0 3.5 0
25.0 3.5 0
26.0 3.5 0
27.0 3.5 0
28.0 3.5 0
29.0 3.5 0
30.0 3.5 0
31.0 3.5 0
32.0 3.5 0
33.0 3.5 0
34.0 3.5 0
35.0 3.5 0
36.0 3.5 0
37.0 3.5 0
38.0 3.5 0
39.0 3.5 0

1.0 4.0 0
2.0 4.0 0
3.0 4.0 0
4.0 4.0 1
5.0 4.0 0
6.0 4.0 0
7.0 4.0 4
8.0 4.0 0
9.0 4.0 2
10.0 4.0 0
11.0 4.0 0
12.0 4.0 0
13.0 4.0 1
14.0 4.0 0
15.0 4.0 0
16.0 4.0 0
17.0 4.0 0
18.0 4.0 0
19.0 4.0 0
20.0 4.0 0
21.0 4.0 0
22.0 4.0 0
23.0 4.0 0
24.0 4.0 0
25.0 4.0 0
26.0 4.0 0
27.0 4.0 0
28.0 4.0 0
29.0 4.0 0
30.0 4.0 0
31.0 4.0 0
32.0 4.0 0
33.0 4.0 0
34.0 4.0 0
35.0 4.0 0
36.0 4.0 0
37.0 4.0 0
38.0 4.0 0
39.0 4.0 0

1.0 4.5 0
2.0 4.5 0
3.0 4.5 0
4.0 4.5 1
5.0 4.5 2
6.0 4.5 0
7.0 4.5 0
8.0 4.5 0
9.0 4.5 0
10.0 4.5 0
11.0 4.5 2
12.0 4.5 0
13.0 4.5 0
14.0 4.5 0
15.0 4.5 0
16.0 4.5 0
17.0 4.5 0
18.0 4.5 0
19.0 4.5 0
20.0 4.5 0
21.0 4.5 0
22.0 4.5 0
23.0 4.5 0
24.0 4.5 0
25.0 4.5 0
26.0 4.5 0
27.0 4.5 0
28.0 4.5 0
29.0 4.5 0
30.0 4.5 0
31.0 4.5 0
32.0 4.5 0
33.0 4.5 0
34.0 4.5 0
35.0 4.5 0
36.0 4.5 0
37.0 4.5 0
38.0 4.5 0
39.0 4.5 0

1.0 5.0 0
2.0 5.0 0
3.0 5.0 0
4.0 5.0 0
5.0 5.0 1
6.0 5.0 0
7.0 5.0 0
8.0 5.0 0
9.0 5.0 1
10.0 5.0 0
11.0 5.0 0
12.0 5.0 1
13.0 5.0 0
14.0 5.0 0
15.0 5.0 0
16.0 5.0 1
17.0 5.0 0
18.0 5.0 0
19.0 5.0 0
20.0 5.0 0
21.0 5.0 0
22.0 5.0 0
23.0 5.0 0
24.0 5.0 0
25.0 5.0 0
26.0 5.0 0
27.0 5.0 0
28.0 5.0 0
29.0 5.0 0
30.0 5.0 0
31.0 5.0 0
32.0 5.0 0
33.0 5.0 0
34.0 5.0 0
35.0 5.0 0
36.0 5.0 0
37.0 5.0 0
38.0 5.0 0
39.0 5.0 0

1.0 5.5 0
2.0 5.5 0
3.0 5.5 0
4.0 5.5 0
5.0 5.5 1
6.0 5.5 1
7.0 5.5 0
8.0 5.5 0
9.0 5.5 0
10.0 5.5 0
11.0 5.5 0
12.0 5.5 1
13.0 5.5 0
14.0 5.5 0
15.0 5.5 0
16.0 5.5 0
17.0 5.5 0
18.0 5.5 0
19.0 5.5 0
20.0 5.5 0
21.0 5.5 0
22.0 5.5 0
23.0 5.5 0
24.0 5.5 0
25.0 5.5 0
26.0 5.5 0
27.0 5.5 0
28.0 5.5 0
29.0 5.5 0
30.0 5.5 0
31.0 5.5 0
32.0 5.5 0
33.0 5.5 0
34.0 5.5 0
35.0 5.5 0
36.0 5.5 0
37.0 5.5 0
38.0 5.5 0
39.0 5.5 1

1.0 6.0 0
2.0 6.0 1
3.0 6.0 1
4.0 6.0 2
5.0 6.0 1
6.0 6.0 0
7.0 6.0 0
8.0 6.0 0
9.0 6.0 0
10.0 6.0 0
11.0 6.0 1
12.0 6.0 0
13.0 6.0 0
14.0 6.0 0
15.0 6.0 0
16.0 6.0 0
17.0 6.0 0
18.0 6.0 0
19.0 6.0 0
20.0 6.0 0
21.0 6.0 0
22.0 6.0 0
23.0 6.0 0
24.0 6.0 0
25.0 6.0 0
26.0 6.0 0
27.0 6.0 0
28.0 6.0 0
29.0 6.0 0
30.0 6.0 0
31.0 6.0 0
32.0 6.0 0
33.0 6.0 0
34.0 6.0 0
35.0 6.0 0
36.0 6.0 0
37.0 6.0 0
38.0 6.0 0
39.0 6.0 0

1.0 6.5 0
2.0 6.5 0
3.0 6.5 0
4.0 6.5 0
5.0 6.5 1
6.0 6.5 0
7.0 6.5 0
8.0 6.5 0
9.0 6.5 0
10.0 6.5 0
11.0 6.5 0
12.0 6.5 0
13.0 6.5 0
14.0 6.5 0
15.0 6.5 0
16.0 6.5 0
17.0 6.5 0
18.0 6.5 0
19.0 6.5 0
20.0 6.5 0
21.0 6.5 1
22.0 6.5 0
23.0 6.5 0
24.0 6.5 0
25.0 6.5 0
26.0 6.5 0
27.0 6.5 0
28.0 6.5 0
29.0 6.5 0
30.0 6.5 0
31.0 6.5 0
32.0 6.5 0
33.0 6.5 0
34.0 6.5 0
35.0 6.5 0
36.0 6.5 0
37.0 6.5 0
38.0 6.5 0
39.0 6.5 0

1.0 7.0 1
2.0 7.0 1
3.0 7.0 1
4.0 7.0 0
5.0 7.0 1
6.0 7.0 0
7.0 7.0 1
8.0 7.0 0
9.0 7.0 0
10.0 7.0 0
11.0 7.0 0
12.0 7.0 1
13.0 7.0 0
14.0 7.0 0
15.0 7.0 0
16.0 7.0 0
17.0 7.0 0
18.0 7.0 0
19.0 7.0 0
20.0 7.0 0
21.0 7.0 0
22.0 7.0 0
23.0 7.0 0
24.0 7.0 0
25.0 7.0 0
26.0 7.0 0
27.0 7.0 0
28.0 7.0 0
29.0 7.0 0
30.0 7.0 0
31.0 7.0 0
32.0 7.0 0
33.0 7.0 0
34.0 7.0 0
35.0 7.0 0
36.0 7.0 0
37.0 7.0 0
38.0 7.0 0
39.0 7.0 0

1.0 7.5 0
2.0 7.5 0
3.0 7.5 1
4.0 7.5 1
5.0 7.5 1
6.0 7.5 0
7.0 7.5 0
8.0 7.5 0
9.0 7.5 0
10.0 7.5 0
11.0 7.5 0
12.0 7.5 0
13.0 7.5 0
14.0 7.5 0
15.0 7.5 0
16.0 7.5 0
17.0 7.5 0
18.0 7.5 0
19.0 7.5 0
20.0 7.5 0
21.0 7.5 0
22.0 7.5 0
23.0 7.5 0
24.0 7.5 0
25.0 7.5 0
26.0 7.5 0
27.0 7.5 0
28.0 7.5 0
29.0 7.5 0
30.0 7.5 0
31.0 7.5 0
32.0 7.5 0
33.0 7.5 0
34.0 7.5 0
35.0 7.5 0
36.0 7.5 0
37.0 7.5 0
38.0 7.5 0
39.0 7.5 0

1.0 8.0 0
2.0 8.0 0
3.0 8.0 1
4.0 8.0 1
5.0 8.0 0
6.0 8.0 0
7.0 8.0 0
8.0 8.0 0
9.0 8.0 0
10.0 8.0 0
11.0 8.0 0
12.0 8.0 0
13.0 8.0 0
14.0 8.0 0
15.0 8.0 0
16.0 8.0 0
17.0 8.0 0
18.0 8.0 0
19.0 8.0 0
20.0 8.0 0
21.0 8.0 0
22.0 8.0 0
23.0 8.0 0
24.0 8.0 0
25.0 8.0 0
26.0 8.0 0
27.0 8.0 0
28.0 8.0 0
29.0 8.0 0
30.0 8.0 0
31.0 8.0 0
32.0 8.0 0
33.0 8.0 0
34.0 8.0 0
35.0 8.0 0
36.0 8.0 0
37.0 8.0 0
38.0 8.0 0
39.0 8.0 0

1.0 8.5 0
2.0 8.5 0
3.0 8.5 0
4.0 8.5 1
5.0 8.5 0
6.0 8.5 1
7.0 8.5 1
8.0 8.5 0
9.0 8.5 1
10.0 8.5 0
11.0 8.5 0
12.0 8.5 0
13.0 8.5 0
14.0 8.5 0
15.0 8.5 0
16.0 8.5 0
17.0 8.5 0
18.0 8.5 0
19.0 8.5 0
20.0 8.5 0
21.0 8.5 0
22.0 8.5 0
23.0 8.5 0
24.0 8.5 0
25.0 8.5 0
26.0 8.5 0
27.0 8.5 0
28.0 8.5 0
29.0 8.5 0
30.0 8.5 0
31.0 8.5 0
32.0 8.5 0
33.0 8.5 0
34.0 8.5 0
35.0 8.5 0
36.0 8.5 0
37.0 8.5 0
38.0 8.5 0
39.0 8.5 0

1.0 9.0 0
2.0 9.0 0
3.0 9.0 1
4.0 9.0 0
5.0 9.0 1
6.0 9.0 1
7.0 9.0 0
8.0 9.0 0
9.0 9.0 0
10.0 9.0 0
11.0 9.0 0
12.0 9.0 0
13.0 9.0 0
14.0 9.0 0
15.0 9.0 0
16.0 9.0 0
17.0 9.0 0
18.0 9.0 0
19.0 9.0 0
20.0 9.0 0
21.0 9.0 0
22.0 9.0 0
23.0 9.0 0
24.0 9.0 0
25.0 9.0 0
26.0 9.0 0
27.0 9.0 0
28.0 9.0 0
29.0 9.0 0
30.0 9.0 0
31.0 9.0 0
32.0 9.0 0
33.0 9.0 0
34.0 9.0 0
35.0 9.0 0
36.0 9.0 0
37.0 9.0 0
38.0 9.0 0
39.0 9.0 0

1.0 9.5 0
2.0 9.5 0
3.0 9.5 0
4.0 9.5 0
5.0 9.5 0
6.0 9.5 0
7.0 9.5 0
8.0 9.5 0
9.0 9.5 0
10.0 9.5 0
11.0 9.5 0
12.0 9.5 0
13.0 9.5 0
14.0 9.5 0
15.0 9.5 0
16.0 9.5 0
17.0 9.5 0
18.0 9.5 0
19.0 9.5 0
20.0 9.5 0
21.0 9.5 0
22.0 9.5 0
23.0 9.5 0
24.0 9.5 0
25.0 9.5 0
26.0 9.5 0
27.0 9.5 0
28.0 9.5 0
29.0 9.5 0
30.0 9.5 0
31.0 9.5 0
32.0 9.5 0
33.0 9.5 0
34.0 9.5 0
35.0 9.5 0
36.0 9.5 0
37.0 9.5 0
38.0 9.5 0
39.0 9.5 0

1.0 10.0 0
2.0 10.0 0
3.0 10.0 1
4.0 10.0 1
5.0 10.0 1
6.0 10.0 0
7.0 10.0 0
8.0 10.0 0
9.0 10.0 0
10.0 10.0 0
11.0 10.0 0
12.0 10.0 0
13.0 10.0 0
14.0 10.0 0
15.0 10.0 0
16.0 10.0 0
17.0 10.0 0
18.0 10.0 0
19.0 10.0 0
20.0 10.0 0
21.0 10.0 0
22.0 10.0 0
23.0 10.0 0
24.0 10.0 0
25.0 10.0 0
26.0 10.0 0
27.0 10.0 0
28.0 10.0 0
29.0 10.0 0
30.0 10.0 0
31.0 10.0 0
32.0 10.0 0
33.0 10.0 0
34.0 10.0 0
35.0 10.0 0
36.0 10.0 0
37.0 10.0 0
38.0 10.0 0
39.0 10.0 0

1.0 10.5 0
2.0 10.5 0
3.0 10.5 1
4.0 10.5 1
5.0 10.5 0
6.0 10.5 0
7.0 10.5 0
8.0 10.5 0
9.0 10.5 0
10.0 10.5 0
11.0 10.5 0
12.0 10.5 0
13.0 10.5 0
14.0 10.5 0
15.0 10.5 0
16.0 10.5 0
17.0 10.5 0
18.0 10.5 0
19.0 10.5 0
20.0 10.5 0
21.0 10.5 0
22.0 10.5 0
23.0 10.5 0
24.0 10.5 0
25.0 10.5 0
26.0 10.5 0
27.0 10.5 0
28.0 10.5 0
29.0 10.5 0
30.0 10.5 0
31.0 10.5 0
32.0 10.5 0
33.0 10.5 0
34.0 10.5 0
35.0 10.5 0
36.0 10.5 0
37.0 10.5 0
38.0 10.5 0
39.0 10.5 0

1.0 11.0 0
2.0 11.0 1
3.0 11.0 0
4.0 11.0 1
5.0 11.0 0
6.0 11.0 0
7.0 11.0 0
8.0 11.0 0
9.0 11.0 0
10.0 11.0 0
11.0 11.0 0
12.0 11.0 0
13.0 11.0 1
14.0 11.0 0
15.0 11.0 0
16.0 11.0 0
17.0 11.0 0
18.0 11.0 0
19.0 11.0 0
20.0 11.0 0
21.0 11.0 0
22.0 11.0 0
23.0 11.0 0
24.0 11.0 0
25.0 11.0 0
26.0 11.0 0
27.0 11.0 0
28.0 11.0 0
29.0 11.0 0
30.0 11.0 0
31.0 11.0 0
32.0 11.0 0
33.0 11.0 0
34.0 11.0 0
35.0 11.0 0
36.0 11.0 0
37.0 11.0 0
38.0 11.0 0
39.0 11.0 0

1.0 11.5 0
2.0 11.5 1
3.0 11.5 0
4.0 11.5 0
5.0 11.5 0
6.0 11.5 0
7.0 11.5 1
8.0 11.5 0
9.0 11.5 0
10.0 11.5 0
11.0 11.5 0
12.0 11.5 0
13.0 11.5 0
14.0 11.5 0
15.0 11.5 0
16.0 11.5 0
17.0 11.5 0
18.0 11.5 0
19.0 11.5 0
20.0 11.5 0
21.0 11.5 0
22.0 11.5 0
23.0 11.5 0
24.0 11.5 0
25.0 11.5 0
26.0 11.5 0
27.0 11.5 0
28.0 11.5 0
29.0 11.5 0
30.0 11.5 0
31.0 11.5 0
32.0 11.5 0
33.0 11.5 0
34.0 11.5 0
35.0 11.5 0
36.0 11.5 0
37.0 11.5 0
38.0 11.5 0
39.0 11.5 0

1.0 12.0 0
2.0 12.0 1
3.0 12.0 0
4.0 12.0 1
5.0 12.0 0
6.0 12.0 2
7.0 12.0 0
8.0 12.0 0
9.0 12.0 0
10.0 12.0 0
11.0 12.0 0
12.0 12.0 0
13.0 12.0 0
14.0 12.0 0
15.0 12.0 0
16.0 12.0 0
17.0 12.0 0
18.0 12.0 0
19.0 12.0 0
20.0 12.0 0
21.0 12.0 0
22.0 12.0 0
23.0 12.0 0
24.0 12.0 0
25.0 12.0 0
26.0 12.0 0
27.0 12.0 0
28.0 12.0 0
29.0 12.0 0
30.0 12.0 0
31.0 12.0 0
32.0 12.0 0
33.0 12.0 0
34.0 12.0 0
35.0 12.0 0
36.0 12.0 0
37.0 12.0 0
38.0 12.0 0
39.0 12.0 0

1.0 12.5 0
2.0 12.5 0
3.0 12.5 0
4.0 12.5 0
5.0 12.5 0
6.0 12.5 0
7.0 12.5 0
8.0 12.5 0
9.0 12.5 0
10.0 12.5 0
11.0 12.5 0
12.0 12.5 0
13.0 12.5 0
14.0 12.5 0
15.0 12.5 0
16.0 12.5 0
17.0 12.5 0
18.0 12.5 0
19.0 12.5 0
20.0 12.5 0
21.0 12.5 0
22.0 12.5 0
23.0 12.5 0
24.0 12.5 0
25.0 12.5 0
26.0 12.5 0
27.0 12.5 0
28.0 12.5 0
29.0 12.5 0
30.0 12.5 0
31.0 12.5 0
32.0 12.5 0
33.0 12.5 0
34.0 12.5 0
35.0 12.5 0
36.0 12.5 0
37.0 12.5 0
38.0 12.5 0
39.0 12.5 0

1.0 13.0 0
2.0 13.0 0
3.0 13.0 0
4.0 13.0 0
5.0 13.0 2
6.0 13.0 0
7.0 13.0 0
8.0 13.0 0
9.0 13.0 0
10.0 13.0 0
11.0 13.0 0
12.0 13.0 0
13.0 13.0 0
14.0 13.0 0
15.0 13.0 0
16.0 13.0 0
17.0 13.0 0
18.0 13.0 0
19.0 13.0 0
20.0 13.0 0
21.0 13.0 0
22.0 13.0 0
23.0 13.0 0
24.0 13.0 0
25.0 13.0 0
26.0 13.0 0
27.0 13.0 0
28.0 13.0 0
29.0 13.0 0
30.0 13.0 0
31.0 13.0 0
32.0 13.0 0
33.0 13.0 0
34.0 13.0 0
35.0 13.0 0
36.0 13.0 0
37.0 13.0 0
38.0 13.0 0
39.0 13.0 0

1.0 13.5 0
2.0 13.5 0
3.0 13.5 0
4.0 13.5 0
5.0 13.5 0
6.0 13.5 0
7.0 13.5 0
8.0 13.5 0
9.0 13.5 0
10.0 13.5 0
11.0 13.5 0
12.0 13.5 0
13.0 13.5 0
14.0 13.5 0
15.0 13.5 0
16.0 13.5 0
17.0 13.5 0
18.0 13.5 0
19.0 13.5 0
20.0 13.5 0
21.0 13.5 0
22.0 13.5 0
23.0 13.5 0
24.0 13.5 0
25.0 13.5 0
26.0 13.5 0
27.0 13.5 0
28.0 13.5 0
29.0 13.5 0
30.0 13.5 0
31.0 13.5 0
32.0 13.5 0
33.0 13.5 0
34.0 13.5 0
35.0 13.5 0
36.0 13.5 0
37.0 13.5 0
38.0 13.5 0
39.0 13.5 0

1.0 14.0 0
2.0 14.0 1
3.0 14.0 1
4.0 14.0 1
5.0 14.0 1
6.0 14.0 0
7.0 14.0 1
8.0 14.0 0
9.0 14.0 0
10.0 14.0 0
11.0 14.0 0
12.0 14.0 0
13.0 14.0 0
14.0 14.0 0
15.0 14.0 0
16.0 14.0 0
17.0 14.0 0
18.0 14.0 0
19.0 14.0 0
20.0 14.0 0
21.0 14.0 0
22.0 14.0 0
23.0 14.0 0
24.0 14.0 0
25.0 14.0 0
26.0 14.0 0
27.0 14.0 0
28.0 14.0 0
29.0 14.0 0
30.0 14.0 0
31.0 14.0 0
32.0 14.0 0
33.0 14.0 0
34.0 14.0 0
35.0 14.0 0
36.0 14.0 0
37.0 14.0 0
38.0 14.0 0
39.0 14.0 0

1.0 14.5 0
2.0 14.5 0
3.0 14.5 0
4.0 14.5 0
5.0 14.5 0
6.0 14.5 0
7.0 14.5 0
8.0 14.5 0
9.0 14.5 0
10.0 14.5 0
11.0 14.5 0
12.0 14.5 0
13.0 14.5 0
14.0 14.5 0
15.0 14.5 0
16.0 14.5 0
17.0 14.5 0
18.0 14.5 0
19.0 14.5 0
20.0 14.5 0
21.0 14.5 0
22.0 14.5 0
23.0 14.5 0
24.0 14.5 0
25.0 14.5 0
26.0 14.5 0
27.0 14.5 0
28.0 14.5 0
29.0 14.5 0
30.0 14.5 0
31.0 14.5 0
32.0 14.5 0
33.0 14.5 0
34.0 14.5 0
35.0 14.5 0
36.0 14.5 0
37.0 14.5 0
38.0 14.5 0
39.0 14.5 0

1.0 15.0 0
2.0 15.0 0
3.0 15.0 0
4.0 15.0 0
5.0 15.0 0
6.0 15.0 1
7.0 15.0 0
8.0 15.0 0
9.0 15.0 0
10.0 15.0 0
11.0 15.0 0
12.0 15.0 0
13.0 15.0 0
14.0 15.0 0
15.0 15.0 0
16.0 15.0 0
17.0 15.0 0
18.0 15.0 0
19.0 15.0 0
20.0 15.0 0
21.0 15.0 0
22.0 15.0 0
23.0 15.0 0
24.0 15.0 0
25.0 15.0 0
26.0 15.0 0
27.0 15.0 0
28.0 15.0 0
29.0 15.0 0
30.0 15.0 0
31.0 15.0 0
32.0 15.0 0
33.0 15.0 0
34.0 15.0 0
35.0 15.0 0
36.0 15.0 0
37.0 15.0 0
38.0 15.0 0
39.0 15.0 0

1.0 15.5 0
2.0 15.5 0
3.0 15.5 1
4.0 15.5 0
5.0 15.5 0
6.0 15.5 1
7.0 15.5 0
8.0 15.5 0
9.0 15.5 0
10.0 15.5 0
11.0 15.5 0
12.0 15.5 0
13.0 15.5 0
14.0 15.5 0
15.0 15.5 0
16.0 15.5 0
17.0 15.5 0
18.0 15.5 0
19.0 15.5 0
20.0 15.5 0
21.0 15.5 0
22.0 15.5 0
23.0 15.5 0
24.0 15.5 0
25.0 15.5 0
26.0 15.5 0
27.0 15.5 0
28.0 15.5 0
29.0 15.5 0
30.0 15.5 0
31.0 15.5 0
32.0 15.5 0
33.0 15.5 0
34.0 15.5 0
35.0 15.5 0
36.0 15.5 0
37.0 15.5 0
38.0 15.5 0
39.0 15.5 0

1.0 16.0 0
2.0 16.0 0
3.0 16.0 0
4.0 16.0 1
5.0 16.0 0
6.0 16.0 0
7.0 16.0 0
8.0 16.0 0
9.0 16.0 0
10.0 16.0 0
11.0 16.0 0
12.0 16.0 0
13.0 16.0 0
14.0 16.0 0
15.0 16.0 0
16.0 16.0 0
17.0 16.0 0
18.0 16.0 0
19.0 16.0 0
20.0 16.0 0
21.0 16.0 0
22.0 16.0 0
23.0 16.0 0
24.0 16.0 0
25.0 16.0 0
26.0 16.0 0
27.0 16.0 0
28.0 16.0 0
29.0 16.0 0
30.0 16.0 0
31.0 16.0 0
32.0 16.0 0
33.0 16.0 0
34.0 16.0 0
35.0 16.0 0
36.0 16.0 0
37.0 16.0 0
38.0 16.0 0
39.0 16.0 0

1.0 16.5 0
2.0 16.5 0
3.0 16.5 1
4.0 16.5 1
5.0 16.5 0
6.0 16.5 0
7.0 16.5 0
8.0 16.5 0
9.0 16.5 0
10.0 16.5 0
11.0 16.5 0
12.0 16.5 0
13.0 16.5 0
14.0 16.5 0
15.0 16.5 0
16.0 16.5 0
17.0 16.5 0
18.0 16.5 0
19.0 16.5 0
20.0 16.5 0
21.0 16.5 0
22.0 16.5 0
23.0 16.5 0
24.0 16.5 0
25.0 16.5 0
26.0 16.5 0
27.0 16.5 0
28.0 16.5 0
29.0 16.5 0
30.0 16.5 0
31.0 16.5 0
32.0 16.5 0
33.0 16.5 0
34.0 16.5 0
35.0 16.5 0
36.0 16.5 0
37.0 16.5 0
38.0 16.5 0
39.0 16.5 0

1.0 17.0 0
2.0 17.0 0
3.0 17.0 0
4.0 17.0 0
5.0 17.0 0
6.0 17.0 1
7.0 17.0 0
8.0 17.0 0
9.0 17.0 0
10.0 17.0 0
11.0 17.0 0
12.0 17.0 0
13.0 17.0 0
14.0 17.0 0
15.0 17.0 0
16.0 17.0 0
17.0 17.0 0
18.0 17.0 0
19.0 17.0 0
20.0 17.0 0
21.0 17.0 0
22.0 17.0 0
23.0 17.0 0
24.0 17.0 0
25.0 17.0 0
26.0 17.0 0
27.0 17.0 0
28.0 17.0 0
29.0 17.0 0
30.0 17.0 0
31.0 17.0 0
32.0 17.0 0
33.0 17.0 0
34.0 17.0 0
35.0 17.0 0
36.0 17.0 0
37.0 17.0 0
38.0 17.0 0
39.0 17.0 0

1.0 17.5 0
2.0 17.5 0
3.0 17.5 0
4.0 17.5 0
5.0 17.5 0
6.0 17.5 0
7.0 17.5 0
8.0 17.5 0
9.0 17.5 0
10.0 17.5 0
11.0 17.5 0
12.0 17.5 1
13.0 17.5 0
14.0 17.5 0
15.0 17.5 0
16.0 17.5 0
17.0 17.5 0
18.0 17.5 0
19.0 17.5 0
20.0 17.5 0
21.0 17.5 0
22.0 17.5 0
23.0 17.5 0
24.0 17.5 0
25.0 17.5 0
26.0 17.5 0
27.0 17.5 0
28.0 17.5 0
29.0 17.5 0
30.0 17.5 0
31.0 17.5 0
32.0 17.5 0
33.0 17.5 0
34.0 17.5 0
35.0 17.5 0
36.0 17.5 0
37.0 17.5 0
38.0 17.5 0
39.0 17.5 0

1.0 18.0 0
2.0 18.0 0
3.0 18.0 0
4.0 18.0 1
5.0 18.0 0
6.0 18.0 0
7.0 18.0 0
8.0 18.0 0
9.0 18.0 0
10.0 18.0 0
11.0 18.0 0
12.0 18.0 0
13.0 18.0 0
14.0 18.0 0
15.0 18.0 0
16.0 18.0 0
17.0 18.0 0
18.0 18.0 0
19.0 18.0 0
20.0 18.0 0
21.0 18.0 0
22.0 18.0 0
23.0 18.0 0
24.0 18.0 0
25.0 18.0 0
26.0 18.0 0
27.0 18.0 0
28.0 18.0 0
29.0 18.0 0
30.0 18.0 0
31.0 18.0 0
32.0 18.0 0
33.0 18.0 0
34.0 18.0 0
35.0 18.0 0
36.0 18.0 0
37.0 18.0 0
38.0 18.0 0
39.0 18.0 0

1.0 18.5 0
2.0 18.5 0
3.0 18.5 0
4.0 18.5 0
5.0 18.5 1
6.0 18.5 0
7.0 18.5 0
8.0 18.5 0
9.0 18.5 0
10.0 18.5 0
11.0 18.5 0
12.0 18.5 0
13.0 18.5 0
14.0 18.5 0
15.0 18.5 0
16.0 18.5 0
17.0 18.5 0
18.0 18.5 0
19.0 18.5 0
20.0 18.5 0
21.0 18.5 0
22.0 18.5 0
23.0 18.5 0
24.0 18.5 0
25.0 18.5 0
26.0 18.5 0
27.0 18.5 0
28.0 18.5 0
29.0 18.5 0
30.0 18.5 0
31.0 18.5 0
32.0 18.5 0
33.0 18.5 0
34.0 18.5 0
35.0 18.5 0
36.0 18.5 0
37.0 18.5 0
38.0 18.5 0
39.0 18.5 0

1.0 19.0 0
2.0 19.0 0
3.0 19.0 0
4.0 19.0 0
5.0 19.0 0
6.0 19.0 0
7.0 19.0 0
8.0 19.0 0
9.0 19.0 0
10.0 19.0 0
11.0 19.0 0
12.0 19.0 0
13.0 19.0 0
14.0 19.0 0
15.0 19.0 0
16.0 19.0 0
17.0 19.0 0
18.0 19.0 0
19.0 19.0 0
20.0 19.0 0
21.0 19.0 0
22.0 19.0 0
23.0 19.0 0
24.0 19.0 0
25.0 19.0 0
26.0 19.0 0
27.0 19.0 0
28.0 19.0 0
29.0 19.0 0
30.0 19.0 0
31.0 19.0 0
32.0 19.0 0
33.0 19.0 0
34.0 19.0 0
35.0 19.0 0
36.0 19.0 0
37.0 19.0 0
38.0 19.0 0
39.0 19.0 0

1.0 19.5 0
2.0 19.5 0
3.0 19.5 0
4.0 19.5 0
5.0 19.5 0
6.0 19.5 0
7.0 19.5 1
8.0 19.5 0
9.0 19.5 0
10.0 19.5 0
11.0 19.5 0
12.0 19.5 0
13.0 19.5 0
14.0 19.5 0
15.0 19.5 0
16.0 19.5 0
17.0 19.5 0
18.0 19.5 0
19.0 19.5 0
20.0 19.5 0
21.0 19.5 0
22.0 19.5 0
23.0 19.5 0
24.0 19.5 0
25.0 19.5 0
26.0 19.5 0
27.0 19.5 0
28.0 19.5 0
29.0 19.5 0
30.0 19.5 0
31.0 19.5 0
32.0 19.5 0
33.0 19.5 0
34.0 19.5 0
35.0 19.5 0
36.0 19.5 0
37.0 19.5 0
38.0 19.5 0
39.0 19.5 0

1.0 20.0 0
2.0 20.0 0
3.0 20.0 0
4.0 20.0 0
5.0 20.0 0
6.0 20.0 0
7.0 20.0 1
8.0 20.0 0
9.0 20.0 0
10.0 20.0 0
11.0 20.0 0
12.0 20.0 0
13.0 20.0 0
14.0 20.0 0
15.0 20.0 0
16.0 20.0 0
17.0 20.0 0
18.0 20.0 0
19.0 20.0 0
20.0 20.0 0
21.0 20.0 0
22.0 20.0 0
23.0 20.0 0
24.0 20.0 0
25.0 20.0 0
26.0 20.0 0
27.0 20.0 0
28.0 20.0 0
29.0 20.0 0
30.0 20.0 0
31.0 20.0 0
32.0 20.0 0
33.0 20.0 0
34.0 20.0 0
35.0 20.0 0
36.0 20.0 0
37.0 20.0 0
38.0 20.0 0
39.0 20.0 0

1.0 20.5 0
2.0 20.5 0
3.0 20.5 0
4.0 20.5 0
5.0 20.5 0
6.0 20.5 0
7.0 20.5 0
8.0 20.5 0
9.0 20.5 0
10.0 20.5 0
11.0 20.5 0
12.0 20.5 0
13.0 20.5 0
14.0 20.5 0
15.0 20.5 0
16.0 20.5 0
17.0 20.5 0
18.0 20.5 0
19.0 20.5 0
20.0 20.5 0
21.0 20.5 0
22.0 20.5 0
23.0 20.5 0
24.0 20.5 0
25.0 20.5 0
26.0 20.5 0
27.0 20.5 0
28.0 20.5 0
29.0 20.5 0
30.0 20.5 0
31.0 20.5 0
32.0 20.5 0
33.0 20.5 0
34.0 20.5 0
35.0 20.5 0
36.0 20.5 0
37.0 20.5 0
38.0 20.5 0
39.0 20.5 0

1.0 21.0 0
2.0 21.0 0
3.0 21.0 0
4.0 21.0 0
5.0 21.0 0
6.0 21.0 0
7.0 21.0 0
8.0 21.0 0
9.0 21.0 0
10.0 21.0 0
11.0 21.0 0
12.0 21.0 0
13.0 21.0 0
14.0 21.0 0
15.0 21.0 0
16.0 21.0 0
17.0 21.0 0
18.0 21.0 0
19.0 21.0 0
20.0 21.0 0
21.0 21.0 0
22.0 21.0 0
23.0 21.0 0
24.0 21.0 0
25.0 21.0 0
26.0 21.0 0
27.0 21.0 0
28.0 21.0 0
29.0 21.0 0
30.0 21.0 0
31.0 21.0 0
32.0 21.0 0
33.0 21.0 0
34.0 21.0 0
35.0 21.0 0
36.0 21.0 0
37.0 21.0 0
38.0 21.0 0
39.0 21.0 0

1.0 21.5 0
2.0 21.5 0
3.0 21.5 0
4.0 21.5 0
5.0 21.5 0
6.0 21.5 1
7.0 21.5 0
8.0 21.5 0
9.0 21.5 0
10.0 21.5 0
11.0 21.5 0
12.0 21.5 0
13.0 21.5 0
14.0 21.5 0
15.0 21.5 0
16.0 21.5 0
17.0 21.5 0
18.0 21.5 0
19.0 21.5 0
20.0 21.5 0
21.0 21.5 0
22.0 21.5 0
23.0 21.5 0
24.0 21.5 0
25.0 21.5 0
26.0 21.5 0
27.0 21.5 0
28.0 21.5 0
29.0 21.5 0
30.0 21.5 0
31.0 21.5 0
32.0 21.5 0
33.0 21.5 0
34.0 21.5 0
35.0 21.5 0
36.0 21.5 0
37.0 21.5 0
38.0 21.5 0
39.0 21.5 0

1.0 22.0 0
2.0 22.0 0
3.0 22.0 0
4.0 22.0 0
5.0 22.0 0
6.0 22.0 0
7.0 22.0 0
8.0 22.0 0
9.0 22.0 0
10.0 22.0 0
11.0 22.0 0
12.0 22.0 0
13.0 22.0 0
14.0 22.0 0
15.0 22.0 0
16.0 22.0 0
17.0 22.0 0
18.0 22.0 0
19.0 22.0 0
20.0 22.0 0
21.0 22.0 0
22.0 22.0 0
23.0 22.0 0
24.0 22.0 0
25.0 22.0 0
26.0 22.0 0
27.0 22.0 0
28.0 22.0 0
29.0 22.0 0
30.0 22.0 0
31.0 22.0 0
32.0 22.0 0
33.0 22.0 0
34.0 22.0 0
35.0 22.0 0
36.0 22.0 0
37.0 22.0 0
38.0 22.0 0
39.0 22.0 0

1.0 22.5 0
2.0 22.5 0
3.0 22.5 0
4.0 22.5 0
5.0 22.5 0
6.0 22.5 0
7.0 22.5 0
8.0 22.5 0
9.0 22.5 0
10.0 22.5 1
11.0 22.5 0
12.0 22.5 0
13.0 22.5 0
14.0 22.5 0
15.0 22.5 0
16.0 22.5 0
17.0 22.5 0
18.0 22.5 0
19.0 22.5 0
20.0 22.5 0
21.0 22.5 0
22.0 22.5 0
23.0 22.5 0
24.0 22.5 0
25.0 22.5 0
26.0 22.5 0
27.0 22.5 0
28.0 22.5 0
29.0 22.5 0
30.0 22.5 0
31.0 22.5 0
32.0 22.5 0
33.0 22.5 0
34.0 22.5 0
35.0 22.5 0
36.0 22.5 0
37.0 22.5 0
38.0 22.5 0
39.0 22.5 0

1.0 23.0 0
2.0 23.0 0
3.0 23.0 0
4.0 23.0 0
5.0 23.0 0
6.0 23.0 0
7.0 23.0 0
8.0 23.0 0
9.0 23.0 0
10.0 23.0 0
11.0 23.0 0
12.0 23.0 0
13.0 23.0 0
14.0 23.0 0
15.0 23.0 0
16.0 23.0 0
17.0 23.0 0
18.0 23.0 0
19.0 23.0 0
20.0 23.0 0
21.0 23.0 0
22.0 23.0 0
23.0 23.0 0
24.0 23.0 0
25.0 23.0 0
26.0 23.0 0
27.0 23.0 0
28.0 23.0 0
29.0 23.0 0
30.0 23.0 0
31.0 23.0 0
32.0 23.0 0
33.0 23.0 0
34.0 23.0 0
35.0 23.0 0
36.0 23.0 0
37.0 23.0 0
38.0 23.0 0
39.0 23.0 0

1.0 23.5 0
2.0 23.5 0
3.0 23.5 0
4.0 23.5 0
5.0 23.5 0
6.0 23.5 0
7.0 23.5 0
8.0 23.5 1
9.0 23.5 0
10.0 23.5 0
11.0 23.5 0
12.0 23.5 0
13.0 23.5 0
14.0 23.5 0
15.0 23.5 0
16.0 23.5 0
17.0 23.5 0
18.0 23.5 0
19.0 23.5 0
20.0 23.5 0
21.0 23.5 0
22.0 23.5 0
23.0 23.5 0
24.0 23.5 0
25.0 23.5 0
26.0 23.5 0
27.0 23.5 0
28.0 23.5 0
29.0 23.5 0
30.0 23.5 0
31.0 23.5 0
32.0 23.5 0
33.0 23.5 0
34.0 23.5 0
35.0 23.5 0
36.0 23.5 0
37.0 23.5 0
38.0 23.5 0
39.0 23.5 0

1.0 24.0 0
2.0 24.0 0
3.0 24.0 0
4.0 24.0 0
5.0 24.0 0
6.0 24.0 0
7.0 24.0 0
8.0 24.0 0
9.0 24.0 0
10.0 24.0 0
11.0 24.0 0
12.0 24.0 0
13.0 24.0 0
14.0 24.0 0
15.0 24.0 0
16.0 24.0 0
17.0 24.0 0
18.0 24.0 0
19.0 24.0 0
20.0 24.0 0
21.0 24.0 0
22.0 24.0 0
23.0 24.0 0
24.0 24.0 0
25.0 24.0 0
26.0 24.0 0
27.0 24.0 0
28.0 24.0 0
29.0 24.0 0
30.0 24.0 0
31.0 24.0 0
32.0 24.0 0
33.0 24.0 0
34.0 24.0 0
35.0 24.0 0
36.0 24.0 0
37.0 24.0 0
38.0 24.0 0
39.0 24.0 0

1.0 24.5 0
2.0 24.5 0
3.0 24.5 0
4.0 24.5 0
5.0 24.5 0
6.0 24.5 0
7.0 24.5 0
8.0 24.5 0
9.0 24.5 1
10.0 24.5 0
11.0 24.5 0
12.0 24.5 0
13.0 24.5 0
14.0 24.5 0
15.0 24.5 0
16.0 24.5 0
17.0 24.5 0
18.0 24.5 0
19.0 24.5 0
20.0 24.5 0
21.0 24.5 0
22.0 24.5 0
23.0 24.5 0
24.0 24.5 0
25.0 24.5 0
26.0 24.5 0
27.0 24.5 0
28.0 24.5 0
29.0 24.5 0
30.0 24.5 0
31.0 24.5 0
32.0 24.5 0
33.0 24.5 0
34.0 24.5 0
35.0 24.5 0
36.0 24.5 0
37.0 24.5 0
38.0 24.5 0
39.0 24.5 0

1.0 25.0 0
2.0 25.0 0
3.0 25.0 0
4.0 25.0 0
5.0 25.0 0
6.0 25.0 1
7.0 25.0 1
8.0 25.0 0
9.0 25.0 1
10.0 25.0 0
11.0 25.0 0
12.0 25.0 0
13.0 25.0 0
14.0 25.0 0
15.0 25.0 0
16.0 25.0 0
17.0 25.0 0
18.0 25.0 0
19.0 25.0 0
20.0 25.0 0
21.0 25.0 0
22.0 25.0 0
23.0 25.0 0
24.0 25.0 0
25.0 25.0 0
26.0 25.0 0
27.0 25.0 0
28.0 25.0 0
29.0 25.0 0
30.0 25.0 0
31.0 25.0 0
32.0 25.0 0
33.0 25.0 0
34.0 25.0 0
35.0 25.0 0
36.0 25.0 0
37.0 25.0 0
38.0 25.0 0
39.0 25.0 0

1.0 25.5 0
2.0 25.5 0
3.0 25.5 0
4.0 25.5 0
5.0 25.5 0
6.0 25.5 0
7.0 25.5 0
8.0 25.5 0
9.0 25.5 0
10.0 25.5 0
11.0 25.5 0
12.0 25.5 0
13.0 25.5 0
14.0 25.5 0
15.0 25.5 0
16.0 25.5 0
17.0 25.5 0
18.0 25.5 0
19.0 25.5 0
20.0 25.5 0
21.0 25.5 0
22.0 25.5 0
23.0 25.5 0
24.0 25.5 0
25.0 25.5 0
26.0 25.5 0
27.0 25.5 0
28.0 25.5 0
29.0 25.5 0
30.0 25.5 0
31.0 25.5 0
32.0 25.5 0
33.0 25.5 0
34.0 25.5 0
35.0 25.5 0
36.0 25.5 0
37.0 25.5 0
38.0 25.5 0
39.0 25.5 0

1.0 26.0 0
2.0 26.0 0
3.0 26.0 0
4.0 26.0 0
5.0 26.0 0
6.0 26.0 1
7.0 26.0 0
8.0 26.0 0
9.0 26.0 0
10.0 26.0 0
11.0 26.0 0
12.0 26.0 0
13.0 26.0 0
14.0 26.0 0
15.0 26.0 0
16.0 26.0 0
17.0 26.0 0
18.0 26.0 0
19.0 26.0 0
20.0 26.0 0
21.0 26.0 0
22.0 26.0 0
23.0 26.0 0
24.0 26.0 0
25.0 26.0 0
26.0 26.0 0
27.0 26.0 0
28.0 26.0 0
29.0 26.0 0
30.0 26.0 0
31.0 26.0 0
32.0 26.0 0
33.0 26.0 0
34.0 26.0 0
35.0 26.0 0
36.0 26.0 0
37.0 26.0 0
38.0 26.0 0
39.0 26.0 0

1.0 26.5 0
2.0 26.5 0
3.0 26.5 0
4.0 26.5 0
5.0 26.5 0
6.0 26.5 0
7.0 26.5 0
8.0 26.5 0
9.0 26.5 0
10.0 26.5 0
11.0 26.5 0
12.0 26.5 0
13.0 26.5 0
14.0 26.5 0
15.0 26.5 0
16.0 26.5 0
17.0 26.5 0
18.0 26.5 0
19.0 26.5 0
20.0 26.5 0
21.0 26.5 0
22.0 26.5 0
23.0 26.5 0
24.0 26.5 0
25.0 26.5 0
26.0 26.5 0
27.0 26.5 0
28.0 26.5 0
29.0 26.5 0
30.0 26.5 0
31.0 26.5 0
32.0 26.5 0
33.0 26.5 0
34.0 26.5 0
35.0 26.5 0
36.0 26.5 0
37.0 26.5 0
38.0 26.5 0
39.0 26.5 0

1.0 27.0 0
2.0 27.0 0
3.0 27.0 0
4.0 27.0 0
5.0 27.0 0
6.0 27.0 0
7.0 27.0 0
8.0 27.0 0
9.0 27.0 0
10.0 27.0 0
11.0 27.0 0
12.0 27.0 0
13.0 27.0 0
14.0 27.0 0
15.0 27.0 0
16.0 27.0 0
17.0 27.0 0
18.0 27.0 0
19.0 27.0 0
20.0 27.0 0
21.0 27.0 0
22.0 27.0 0
23.0 27.0 0
24.0 27.0 0
25.0 27.0 0
26.0 27.0 0
27.0 27.0 0
28.0 27.0 0
29.0 27.0 0
30.0 27.0 0
31.0 27.0 0
32.0 27.0 0
33.0 27.0 0
34.0 27.0 0
35.0 27.0 0
36.0 27.0 0
37.0 27.0 0
38.0 27.0 0
39.0 27.0 0

1.0 27.5 0
2.0 27.5 0
3.0 27.5 0
4.0 27.5 0
5.0 27.5 1
6.0 27.5 0
7.0 27.5 0
8.0 27.5 0
9.0 27.5 0
10.0 27.5 0
11.0 27.5 0
12.0 27.5 0
13.0 27.5 0
14.0 27.5 0
15.0 27.5 0
16.0 27.5 0
17.0 27.5 0
18.0 27.5 0
19.0 27.5 0
20.0 27.5 0
21.0 27.5 0
22.0 27.5 0
23.0 27.5 0
24.0 27.5 0
25.0 27.5 0
26.0 27.5 0
27.0 27.5 0
28.0 27.5 0
29.0 27.5 0
30.0 27.5 0
31.0 27.5 0
32.0 27.5 0
33.0 27.5 0
34.0 27.5 0
35.0 27.5 0
36.0 27.5 0
37.0 27.5 0
38.0 27.5 0
39.0 27.5 0

1.0 28.0 0
2.0 28.0 0
3.0 28.0 1
4.0 28.0 0
5.0 28.0 0
6.0 28.0 0
7.0 28.0 0
8.0 28.0 0
9.0 28.0 0
10.0 28.0 0
11.0 28.0 0
12.0 28.0 0
13.0 28.0 0
14.0 28.0 0
15.0 28.0 0
16.0 28.0 0
17.0 28.0 0
18.0 28.0 0
19.0 28.0 0
20.0 28.0 0
21.0 28.0 0
22.0 28.0 0
23.0 28.0 0
24.0 28.0 0
25.0 28.0 0
26.0 28.0 0
27.0 28.0 0
28.0 28.0 0
29.0 28.0 0
30.0 28.0 0
31.0 28.0 0
32.0 28.0 0
33.0 28.0 0
34.0 28.0 0
35.0 28.0 0
36.0 28.0 0
37.0 28.0 0
38.0 28.0 0
39.0 28.0 0

1.0 28.5 0
2.0 28.5 0
3.0 28.5 0
4.0 28.5 0
5.0 28.5 0
6.0 28.5 1
7.0 28.5 0
8.0 28.5 0
9.0 28.5 0
10.0 28.5 0
11.0 28.5 0
12.0 28.5 0
13.0 28.5 0
14.0 28.5 0
15.0 28.5 0
16.0 28.5 0
17.0 28.5 0
18.0 28.5 0
19.0 28.5 0
20.0 28.5 0
21.0 28.5 0
22.0 28.5 0
23.0 28.5 0
24.0 28.5 0
25.0 28.5 0
26.0 28.5 0
27.0 28.5 0
28.0 28.5 0
29.0 28.5 0
30.0 28.5 0
31.0 28.5 0
32.0 28.5 0
33.0 28.5 0
34.0 28.5 0
35.0 28.5 0
36.0 28.5 0
37.0 28.5 0
38.0 28.5 0
39.0 28.5 0

1.0 29.0 0
2.0 29.0 0
3.0 29.0 0
4.0 29.0 0
5.0 29.0 0
6.0 29.0 0
7.0 29.0 0
8.0 29.0 0
9.0 29.0 0
10.0 29.0 0
11.0 29.0 0
12.0 29.0 0
13.0 29.0 0
14.0 29.0 0
15.0 29.0 0
16.0 29.0 0
17.0 29.0 0
18.0 29.0 0
19.0 29.0 0
20.0 29.0 0
21.0 29.0 0
22.0 29.0 0
23.0 29.0 0
24.0 29.0 0
25.0 29.0 0
26.0 29.0 0
27.0 29.0 0
28.0 29.0 0
29.0 29.0 0
30.0 29.0 0
31.0 29.0 0
32.0 29.0 0
33.0 29.0 0
34.0 29.0 0
35.0 29.0 0
36.0 29.0 0
37.0 29.0 0
38.0 29.0 0
39.0 29.0 0

1.0 29.5 0
2.0 29.5 0
3.0 29.5 0
4.0 29.5 0
5.0 29.5 0
6.0 29.5 0
7.0 29.5 0
8.0 29.5 0
9.0 29.5 0
10.0 29.5 0
11.0 29.5 0
12.0 29.5 0
13.0 29.5 0
14.0 29.5 0
15.0 29.5 0
16.0 29.5 0
17.0 29.5 0
18.0 29.5 0
19.0 29.5 0
20.0 29.5 0
21.0 29.5 0
22.0 29.5 0
23.0 29.5 0
24.0 29.5 0
25.0 29.5 0
26.0 29.5 0
27.0 29.5 0
28.0 29.5 0
29.0 29.5 0
30.0 29.5 0
31.0 29.5 0
32.0 29.5 0
33.0 29.5 0
34.0 29.5 0
35.0 29.5 0
36.0 29.5 0
37.0 29.5 0
38.0 29.5 0
39.0 29.5 0

1.0 30.0 0
2.0 30.0 0
3.0 30.0 0
4.0 30.0 0
5.0 30.0 0
6.0 30.0 0
7.0 30.0 0
8.0 30.0 0
9.0 30.0 0
10.0 30.0 0
11.0 30.0 0
12.0 30.0 0
13.0 30.0 0
14.0 30.0 0
15.0 30.0 0
16.0 30.0 0
17.0 30.0 0
18.0 30.0 0
19.0 30.0 0
20.0 30.0 0
21.0 30.0 0
22.0 30.0 0
23.0 30.0 0
24.0 30.0 0
25.0 30.0 0
26.0 30.0 0
27.0 30.0 0
28.0 30.0 0
29.0 30.0 0
30.0 30.0 0
31.0 30.0 0
32.0 30.0 0
33.0 30.0 0
34.0 30.0 0
35.0 30.0 0
36.0 30.0 0
37.0 30.0 0
38.0 30.0 0
39.0 30.0 0

1.0 30.5 0
2.0 30.5 0
3.0 30.5 0
4.0 30.5 0
5.0 30.5 0
6.0 30.5 0
7.0 30.5 0
8.0 30.5 0
9.0 30.5 0
10.0 30.5 0
11.0 30.5 0
12.0 30.5 0
13.0 30.5 0
14.0 30.5 0
15.0 30.5 0
16.0 30.5 0
17.0 30.5 0
18.0 30.5 0
19.0 30.5 0
20.0 30.5 0
21.0 30.5 0
22.0 30.5 0
23.0 30.5 0
24.0 30.5 0
25.0 30.5 0
26.0 30.5 0
27.0 30.5 0
28.0 30.5 0
29.0 30.5 0
30.0 30.5 0
31.0 30.5 0
32.0 30.5 0
33.0 30.5 0
34.0 30.5 0
35.0 30.5 0
36.0 30.5 0
37.0 30.5 0
38.0 30.5 0
39.0 30.5 0

1.0 31.0 0
2.0 31.0 0
3.0 31.0 0
4.0 31.0 0
5.0 31.0 0
6.0 31.0 0
7.0 31.0 0
8.0 31.0 0
9.0 31.0 0
10.0 31.0 0
11.0 31.0 0
12.0 31.0 0
13.0 31.0 0
14.0 31.0 0
15.0 31.0 0
16.0 31.0 0
17.0 31.0 0
18.0 31.0 0
19.0 31.0 0
20.0 31.0 0
21.0 31.0 0
22.0 31.0 0
23.0 31.0 0
24.0 31.0 0
25.0 31.0 0
26.0 31.0 0
27.0 31.0 0
28.0 31.0 0
29.0 31.0 0
30.0 31.0 0
31.0 31.0 0
32.0 31.0 0
33.0 31.0 0
34.0 31.0 0
35.0 31.0 0
36.0 31.0 0
37.0 31.0 0
38.0 31.0 0
39.0 31.0 0

1.0 31.5 0
2.0 31.5 0
3.0 31.5 0
4.0 31.5 0
5.0 31.5 0
6.0 31.5 0
7.0 31.5 0
8.0 31.5 0
9.0 31.5 0
10.0 31.5 0
11.0 31.5 0
12.0 31.5 0
13.0 31.5 0
14.0 31.5 0
15.0 31.5 0
16.0 31.5 0
17.0 31.5 0
18.0 31.5 0
19.0 31.5 0
20.0 31.5 0
21.0 31.5 0
22.0 31.5 0
23.0 31.5 0
24.0 31.5 0
25.0 31.5 0
26.0 31.5 0
27.0 31.5 0
28.0 31.5 0
29.0 31.5 0
30.0 31.5 0
31.0 31.5 0
32.0 31.5 0
33.0 31.5 0
34.0 31.5 0
35.0 31.5 0
36.0 31.5 0
37.0 31.5 0
38.0 31.5 0
39.0 31.5 0

1.0 32.0 0
2.0 32.0 0
3.0 32.0 0
4.0 32.0 0
5.0 32.0 0
6.0 32.0 0
7.0 32.0 0
8.0 32.0 0
9.0 32.0 0
10.0 32.0 0
11.0 32.0 0
12.0 32.0 0
13.0 32.0 0
14.0 32.0 0
15.0 32.0 0
16.0 32.0 0
17.0 32.0 0
18.0 32.0 0
19.0 32.0 0
20.0 32.0 0
21.0 32.0 0
22.0 32.0 0
23.0 32.0 0
24.0 32.0 0
25.0 32.0 0
26.0 32.0 0
27.0 32.0 0
28.0 32.0 0
29.0 32.0 0
30.0 32.0 0
31.0 32.0 0
32.0 32.0 0
33.0 32.0 0
34.0 32.0 0
35.0 32.0 0
36.0 32.0 0
37.0 32.0 0
38.0 32.0 0
39.0 32.0 0

1.0 32.5 0
2.0 32.5 0
3.0 32.5 0
4.0 32.5 0
5.0 32.5 0
6.0 32.5 0
7.0 32.5 0
8.0 32.5 0
9.0 32.5 0
10.0 32.5 0
11.0 32.5 0
12.0 32.5 0
13.0 32.5 0
14.0 32.5 0
15.0 32.5 0
16.0 32.5 0
17.0 32.5 0
18.0 32.5 0
19.0 32.5 0
20.0 32.5 0
21.0 32.5 0
22.0 32.5 0
23.0 32.5 0
24.0 32.5 0
25.0 32.5 0
26.0 32.5 0
27.0 32.5 0
28.0 32.5 0
29.0 32.5 0
30.0 32.5 0
31.0 32.5 0
32.0 32.5 0
33.0 32.5 0
34.0 32.5 0
35.0 32.5 0
36.0 32.5 0
37.0 32.5 0
38.0 32.5 0
39.0 32.5 0

1.0 33.0 0
2.0 33.0 0
3.0 33.0 0
4.0 33.0 0
5.0 33.0 0
6.0 33.0 0
7.0 33.0 0
8.0 33.0 0
9.0 33.0 0
10.0 33.0 0
11.0 33.0 0
12.0 33.0 0
13.0 33.0 0
14.0 33.0 0
15.0 33.0 0
16.0 33.0 0
17.0 33.0 0
18.0 33.0 0
19.0 33.0 0
20.0 33.0 0
21.0 33.0 0
22.0 33.0 0
23.0 33.0 0
24.0 33.0 0
25.0 33.0 0
26.0 33.0 0
27.0 33.0 0
28.0 33.0 0
29.0 33.0 0
30.0 33.0 0
31.0 33.0 0
32.0 33.0 0
33.0 33.0 0
34.0 33.0 0
35.0 33.0 0
36.0 33.0 0
37.0 33.0 0
38.0 33.0 0
39.0 33.0 0

1.0 33.5 0
2.0 33.5 0
3.0 33.5 0
4.0 33.5 0
5.0 33.5 0
6.0 33.5 0
7.0 33.5 0
8.0 33.5 0
9.0 33.5 0
10.0 33.5 0
11.0 33.5 0
12.0 33.5 0
13.0 33.5 0
14.0 33.5 0
15.0 33.5 0
16.0 33.5 0
17.0 33.5 0
18.0 33.5 0
19.0 33.5 0
20.0 33.5 0
21.0 33.5 0
22.0 33.5 0
23.0 33.5 0
24.0 33.5 0
25.0 33.5 0
26.0 33.5 0
27.0 33.5 0
28.0 33.5 0
29.0 33.5 0
30.0 33.5 0
31.0 33.5 0
32.0 33.5 0
33.0 33.5 0
34.0 33.5 0
35.0 33.5 0
36.0 33.5 0
37.0 33.5 0
38.0 33.5 0
39.0 33.5 0

1.0 34.0 0
2.0 34.0 0
3.0 34.0 0
4.0 34.0 0
5.0 34.0 0
6.0 34.0 0
7.0 34.0 0
8.0 34.0 0
9.0 34.0 0
10.0 34.0 0
11.0 34.0 0
12.0 34.0 0
13.0 34.0 0
14.0 34.0 0
15.0 34.0 0
16.0 34.0 0
17.0 34.0 0
18.0 34.0 0
19.0 34.0 0
20.0 34.0 0
21.0 34.0 0
22.0 34.0 0
23.0 34.0 0
24.0 34.0 0
25.0 34.0 0
26.0 34.0 0
27.0 34.0 0
28.0 34.0 0
29.0 34.0 0
30.0 34.0 0
31.0 34.0 0
32.0 34.0 0
33.0 34.0 0
34.0 34.0 0
35.0 34.0 0
36.0 34.0 0
37.0 34.0 0
38.0 34.0 0
39.0 34.0 0

1.0 34.5 0
2.0 34.5 0
3.0 34.5 0
4.0 34.5 0
5.0 34.5 0
6.0 34.5 0
7.0 34.5 0
8.0 34.5 0
9.0 34.5 0
10.0 34.5 0
11.0 34.5 0
12.0 34.5 0
13.0 34.5 0
14.0 34.5 0
15.0 34.5 0
16.0 34.5 0
17.0 34.5 0
18.0 34.5 0
19.0 34.5 0
20.0 34.5 0
21.0 34.5 0
22.0 34.5 0
23.0 34.5 0
24.0 34.5 0
25.0 34.5 0
26.0 34.5 0
27.0 34.5 0
28.0 34.5 0
29.0 34.5 0
30.0 34.5 0
31.0 34.5 0
32.0 34.5 0
33.0 34.5 0
34.0 34.5 0
35.0 34.5 0
36.0 34.5 0
37.0 34.5 0
38.0 34.5 0
39.0 34.5 0

1.0 35.0 0
2.0 35.0 0
3.0 35.0 0
4.0 35.0 0
5.0 35.0 0
6.0 35.0 0
7.0 35.0 0
8.0 35.0 0
9.0 35.0 0
10.0 35.0 0
11.0 35.0 0
12.0 35.0 0
13.0 35.0 0
14.0 35.0 0
15.0 35.0 0
16.0 35.0 0
17.0 35.0 0
18.0 35.0 0
19.0 35.0 0
20.0 35.0 0
21.0 35.0 0
22.0 35.0 0
23.0 35.0 0
24.0 35.0 0
25.0 35.0 0
26.0 35.0 0
27.0 35.0 0
28.0 35.0 0
29.0 35.0 0
30.0 35.0 0
31.0 35.0 0
32.0 35.0 0
33.0 35.0 0
34.0 35.0 0
35.0 35.0 0
36.0 35.0 0
37.0 35.0 0
38.0 35.0 0
39.0 35.0 0

1.0 35.5 0
2.0 35.5 0
3.0 35.5 0
4.0 35.5 0
5.0 35.5 0
6.0 35.5 0
7.0 35.5 0
8.0 35.5 0
9.0 35.5 0
10.0 35.5 0
11.0 35.5 0
12.0 35.5 0
13.0 35.5 0
14.0 35.5 0
15.0 35.5 0
16.0 35.5 0
17.0 35.5 0
18.0 35.5 0
19.0 35.5 0
20.0 35.5 0
21.0 35.5 0
22.0 35.5 0
23.0 35.5 0
24.0 35.5 0
25.0 35.5 0
26.0 35.5 0
27.0 35.5 0
28.0 35.5 0
29.0 35.5 0
30.0 35.5 0
31.0 35.5 0
32.0 35.5 0
33.0 35.5 0
34.0 35.5 0
35.0 35.5 0
36.0 35.5 0
37.0 35.5 0
38.0 35.5 0
39.0 35.5 0

1.0 36.0 0
2.0 36.0 0
3.0 36.0 0
4.0 36.0 0
5.0 36.0 0
6.0 36.0 0
7.0 36.0 0
8.0 36.0 0
9.0 36.0 0
10.0 36.0 0
11.0 36.0 0
12.0 36.0 0
13.0 36.0 0
14.0 36.0 0
15.0 36.0 0
16.0 36.0 0
17.0 36.0 0
18.0 36.0 0
19.0 36.0 0
20.0 36.0 0
21.0 36.0 0
22.0 36.0 0
23.0 36.0 0
24.0 36.0 0
25.0 36.0 0
26.0 36.0 0
27.0 36.0 0
28.0 36.0 0
29.0 36.0 0
30.0 36.0 0
31.0 36.0 0
32.0 36.0 0
33.0 36.0 0
34.0 36.0 0
35.0 36.0 0
36.0 36.0 0
37.0 36.0 0
38.0 36.0 0
39.0 36.0 0

1.0 36.5 0
2.0 36.5 0
3.0 36.5 0
4.0 36.5 0
5.0 36.5 0
6.0 36.5 0
7.0 36.5 0
8.0 36.5 0
9.0 36.5 0
10.0 36.5 0
11.0 36.5 0
12.0 36.5 0
13.0 36.5 0
14.0 36.5 0
15.0 36.5 0
16.0 36.5 0
17.0 36.5 0
18.0 36.5 0
19.0 36.5 0
20.0 36.5 0
21.0 36.5 0
22.0 36.5 0
23.0 36.5 0
24.0 36.5 0
25.0 36.5 0
26.0 36.5 0
27.0 36.5 0
28.0 36.5 0
29.0 36.5 0
30.0 36.5 0
31.0 36.5 0
32.0 36.5 0
33.0 36.5 0
34.0 36.5 0
35.0 36.5 0
36.0 36.5 0
37.0 36.5 0
38.0 36.5 0
39.0 36.5 0

1.0 37.0 0
2.0 37.0 0
3.0 37.0 0
4.0 37.0 0
5.0 37.0 0
6.0 37.0 0
7.0 37.0 0
8.0 37.0 0
9.0 37.0 0
10.0 37.0 0
11.0 37.0 0
12.0 37.0 0
13.0 37.0 0
14.0 37.0 0
15.0 37.0 0
16.0 37.0 0
17.0 37.0 0
18.0 37.0 0
19.0 37.0 0
20.0 37.0 0
21.0 37.0 0
22.0 37.0 0
23.0 37.0 0
24.0 37.0 0
25.0 37.0 0
26.0 37.0 0
27.0 37.0 0
28.0 37.0 0
29.0 37.0 0
30.0 37.0 0
31.0 37.0 0
32.0 37.0 0
33.0 37.0 0
34.0 37.0 0
35.0 37.0 0
36.0 37.0 0
37.0 37.0 0
38.0 37.0 0
39.0 37.0 0

1.0 37.5 0
2.0 37.5 0
3.0 37.5 0
4.0 37.5 0
5.0 37.5 0
6.0 37.5 0
7.0 37.5 0
8.0 37.5 0
9.0 37.5 0
10.0 37.5 0
11.0 37.5 0
12.0 37.5 0
13.0 37.5 0
14.0 37.5 0
15.0 37.5 0
16.0 37.5 0
17.0 37.5 0
18.0 37.5 0
19.0 37.5 0
20.0 37.5 0
21.0 37.5 0
22.0 37.5 0
23.0 37.5 0
24.0 37.5 0
25.0 37.5 0
26.0 37.5 0
27.0 37.5 0
28.0 37.5 0
29.0 37.5 0
30.0 37.5 0
31.0 37.5 0
32.0 37.5 0
33.0 37.5 0
34.0 37.5 0
35.0 37.5 0
36.0 37.5 0
37.0 37.5 0
38.0 37.5 0
39.0 37.5 0

1.0 38.0 0
2.0 38.0 0
3.0 38.0 0
4.0 38.0 0
5.0 38.0 0
6.0 38.0 0
7.0 38.0 0
8.0 38.0 0
9.0 38.0 0
10.0 38.0 0
11.0 38.0 0
12.0 38.0 0
13.0 38.0 0
14.0 38.0 0
15.0 38.0 0
16.0 38.0 0
17.0 38.0 0
18.0 38.0 0
19.0 38.0 0
20.0 38.0 0
21.0 38.0 0
22.0 38.0 0
23.0 38.0 0
24.0 38.0 0
25.0 38.0 0
26.0 38.0 0
27.0 38.0 0
28.0 38.0 0
29.0 38.0 0
30.0 38.0 0
31.0 38.0 0
32.0 38.0 0
33.0 38.0 0
34.0 38.0 0
35.0 38.0 0
36.0 38.0 0
37.0 38.0 0
38.0 38.0 0
39.0 38.0 0

1.0 38.5 0
2.0 38.5 0
3.0 38.5 0
4.0 38.5 0
5.0 38.5 0
6.0 38.5 0
7.0 38.5 0
8.0 38.5 0
9.0 38.5 0
10.0 38.5 0
11.0 38.5 0
12.0 38.5 0
13.0 38.5 0
14.0 38.5 0
15.0 38.5 0
16.0 38.5 0
17.0 38.5 0
18.0 38.5 0
19.0 38.5 0
20.0 38.5 0
21.0 38.5 0
22.0 38.5 0
23.0 38.5 0
24.0 38.5 0
25.0 38.5 0
26.0 38.5 0
27.0 38.5 0
28.0 38.5 0
29.0 38.5 0
30.0 38.5 0
31.0 38.5 0
32.0 38.5 0
33.0 38.5 0
34.0 38.5 0
35.0 38.5 0
36.0 38.5 0
37.0 38.5 0
38.0 38.5 0
39.0 38.5 0

1.0 39.0 0
2.0 39.0 0
3.0 39.0 0
4.0 39.0 0
5.0 39.0 0
6.0 39.0 0
7.0 39.0 0
8.0 39.0 0
9.0 39.0 0
10.0 39.0 0
11.0 39.0 0
12.0 39.0 0
13.0 39.0 0
14.0 39.0 0
15.0 39.0 0
16.0 39.0 0
17.0 39.0 0
18.0 39.0 0
19.0 39.0 0
20.0 39.0 0
21.0 39.0 0
22.0 39.0 0
23.0 39.0 0
24.0 39.0 0
25.0 39.0 0
26.0 39.0 0
27.0 39.0 0
28.0 39.0 0
29.0 39.0 0
30.0 39.0 0
31.0 39.0 0
32.0 39.0 0
33.0 39.0 0
34.0 39.0 0
35.0 39.0 0
36.0 39.0 0
37.0 39.0 0
38.0 39.0 0
39.0 39.0 0

1.0 39.5 0
2.0 39.5 0
3.0 39.5 0
4.0 39.5 0
5.0 39.5 0
6.0 39.5 0
7.0 39.5 0
8.0 39.5 0
9.0 39.5 0
10.0 39.5 0
11.0 39.5 0
12.0 39.5 0
13.0 39.5 0
14.0 39.5 0
15.0 39.5 0
16.0 39.5 0
17.0 39.5 0
18.0 39.5 0
19.0 39.5 0
20.0 39.5 0
21.0 39.5 0
22.0 39.5 0
23.0 39.5 0
24.0 39.5 0
25.0 39.5 0
26.0 39.5 0
27.0 39.5 0
28.0 39.5 0
29.0 39.5 0
30.0 39.5 0
31.0 39.5 0
32.0 39.5 0
33.0 39.5 0
34.0 39.5 0
35.0 39.5 0
36.0 39.5 0
37.0 39.5 0
38.0 39.5 0
39.0 39.5 0

1.0 40.0 0
2.0 40.0 0
3.0 40.0 0
4.0 40.0 0
5.0 40.0 0
6.0 40.0 0
7.0 40.0 0
8.0 40.0 0
9.0 40.0 0
10.0 40.0 0
11.0 40.0 0
12.0 40.0 0
13.0 40.0 0
14.0 40.0 0
15.0 40.0 0
16.0 40.0 0
17.0 40.0 0
18.0 40.0 0
19.0 40.0 0
20.0 40.0 0
21.0 40.0 0
22.0 40.0 0
23.0 40.0 0
24.0 40.0 0
25.0 40.0 0
26.0 40.0 0
27.0 40.0 0
28.0 40.0 0
29.0 40.0 0
30.0 40.0 0
31.0 40.0 0
32.0 40.0 0
33.0 40.0 0
34.0 40.0 0
35.0 40.0 0
36.0 40.0 0
37.0 40.0 0
38.0 40.0 0
39.0 40.0 0

1.0 40.5 0
2.0 40.5 0
3.0 40.5 0
4.0 40.5 0
5.0 40.5 0
6.0 40.5 0
7.0 40.5 0
8.0 40.5 0
9.0 40.5 0
10.0 40.5 0
11.0 40.5 0
12.0 40.5 0
13.0 40.5 0
14.0 40.5 0
15.0 40.5 0
16.0 40.5 0
17.0 40.5 0
18.0 40.5 0
19.0 40.5 0
20.0 40.5 0
21.0 40.5 0
22.0 40.5 0
23.0 40.5 0
24.0 40.5 0
25.0 40.5 0
26.0 40.5 0
27.0 40.5 0
28.0 40.5 0
29.0 40.5 0
30.0 40.5 0
31.0 40.5 0
32.0 40.5 0
33.0 40.5 0
34.0 40.5 0
35.0 40.5 0
36.0 40.5 0
37.0 40.5 0
38.0 40.5 0
39.0 40.5 0

1.0 41.0 0
2.0 41.0 0
3.0 41.0 0
4.0 41.0 0
5.0 41.0 0
6.0 41.0 0
7.0 41.0 0
8.0 41.0 0
9.0 41.0 0
10.0 41.0 0
11.0 41.0 0
12.0 41.0 0
13.0 41.0 0
14.0 41.0 0
15.0 41.0 0
16.0 41.0 0
17.0 41.0 0
18.0 41.0 0
19.0 41.0 0
20.0 41.0 0
21.0 41.0 0
22.0 41.0 0
23.0 41.0 0
24.0 41.0 0
25.0 41.0 0
26.0 41.0 0
27.0 41.0 0
28.0 41.0 0
29.0 41.0 0
30.0 41.0 0
31.0 41.0 0
32.0 41.0 0
33.0 41.0 0
34.0 41.0 0
35.0 41.0 0
36.0 41.0 0
37.0 41.0 0
38.0 41.0 0
39.0 41.0 0

1.0 41.5 0
2.0 41.5 0
3.0 41.5 0
4.0 41.5 0
5.0 41.5 0
6.0 41.5 0
7.0 41.5 0
8.0 41.5 0
9.0 41.5 0
10.0 41.5 0
11.0 41.5 0
12.0 41.5 0
13.0 41.5 0
14.0 41.5 0
15.0 41.5 0
16.0 41.5 0
17.0 41.5 0
18.0 41.5 0
19.0 41.5 0
20.0 41.5 0
21.0 41.5 0
22.0 41.5 0
23.0 41.5 0
24.0 41.5 0
25.0 41.5 0
26.0 41.5 0
27.0 41.5 0
28.0 41.5 0
29.0 41.5 0
30.0 41.5 0
31.0 41.5 0
32.0 41.5 0
33.0 41.5 0
34.0 41.5 0
35.0 41.5 0
36.0 41.5 0
37.0 41.5 0
38.0 41.5 0
39.0 41.5 0

1.0 42.0 0
2.0 42.0 0
3.0 42.0 0
4.0 42.0 0
5.0 42.0 0
6.0 42.0 0
7.0 42.0 0
8.0 42.0 0
9.0 42.0 0
10.0 42.0 0
11.0 42.0 0
12.0 42.0 0
13.0 42.0 0
14.0 42.0 0
15.0 42.0 0
16.0 42.0 0
17.0 42.0 0
18.0 42.0 0
19.0 42.0 0
20.0 42.0 0
21.0 42.0 0
22.0 42.0 0
23.0 42.0 0
24.0 42.0 0
25.0 42.0 0
26.0 42.0 0
27.0 42.0 0
28.0 42.0 0
29.0 42.0 0
30.0 42.0 0
31.0 42.0 0
32.0 42.0 0
33.0 42.0 0
34.0 42.0 0
35.0 42.0 0
36.0 42.0 0
37.0 42.0 0
38.0 42.0 0
39.0 42.0 0

1.0 42.5 0
2.0 42.5 0
3.0 42.5 0
4.0 42.5 0
5.0 42.5 0
6.0 42.5 0
7.0 42.5 0
8.0 42.5 0
9.0 42.5 0
10.0 42.5 0
11.0 42.5 0
12.0 42.5 0
13.0 42.5 0
14.0 42.5 0
15.0 42.5 0
16.0 42.5 0
17.0 42.5 0
18.0 42.5 0
19.0 42.5 0
20.0 42.5 0
21.0 42.5 0
22.0 42.5 0
23.0 42.5 0
24.0 42.5 0
25.0 42.5 0
26.0 42.5 0
27.0 42.5 0
28.0 42.5 0
29.0 42.5 0
30.0 42.5 0
31.0 42.5 0
32.0 42.5 0
33.0 42.5 0
34.0 42.5 0
35.0 42.5 0
36.0 42.5 0
37.0 42.5 0
38.0 42.5 0
39.0 42.5 0

1.0 43.0 0
2.0 43.0 0
3.0 43.0 0
4.0 43.0 0
5.0 43.0 0
6.0 43.0 0
7.0 43.0 0
8.0 43.0 0
9.0 43.0 0
10.0 43.0 0
11.0 43.0 0
12.0 43.0 0
13.0 43.0 0
14.0 43.0 0
15.0 43.0 0
16.0 43.0 0
17.0 43.0 0
18.0 43.0 0
19.0 43.0 0
20.0 43.0 0
21.0 43.0 0
22.0 43.0 0
23.0 43.0 0
24.0 43.0 0
25.0 43.0 0
26.0 43.0 0
27.0 43.0 0
28.0 43.0 0
29.0 43.0 0
30.0 43.0 0
31.0 43.0 0
32.0 43.0 0
33.0 43.0 0
34.0 43.0 0
35.0 43.0 0
36.0 43.0 0
37.0 43.0 0
38.0 43.0 0
39.0 43.0 0

1.0 43.5 0
2.0 43.5 1
3.0 43.5 0
4.0 43.5 0
5.0 43.5 0
6.0 43.5 0
7.0 43.5 0
8.0 43.5 0
9.0 43.5 0
10.0 43.5 0
11.0 43.5 0
12.0 43.5 0
13.0 43.5 0
14.0 43.5 0
15.0 43.5 0
16.0 43.5 0
17.0 43.5 0
18.0 43.5 0
19.0 43.5 0
20.0 43.5 0
21.0 43.5 0
22.0 43.5 0
23.0 43.5 0
24.0 43.5 0
25.0 43.5 0
26.0 43.5 0
27.0 43.5 0
28.0 43.5 0
29.0 43.5 0
30.0 43.5 0
31.0 43.5 0
32.0 43.5 0
33.0 43.5 0
34.0 43.5 0
35.0 43.5 0
36.0 43.5 0
37.0 43.5 0
38.0 43.5 0
39.0 43.5 0

1.0 44.0 0
2.0 44.0 0
3.0 44.0 0
4.0 44.0 0
5.0 44.0 0
6.0 44.0 1
7.0 44.0 0
8.0 44.0 0
9.0 44.0 0
10.0 44.0 0
11.0 44.0 0
12.0 44.0 0
13.0 44.0 0
14.0 44.0 0
15.0 44.0 0
16.0 44.0 0
17.0 44.0 0
18.0 44.0 0
19.0 44.0 0
20.0 44.0 0
21.0 44.0 0
22.0 44.0 0
23.0 44.0 0
24.0 44.0 0
25.0 44.0 0
26.0 44.0 0
27.0 44.0 0
28.0 44.0 0
29.0 44.0 0
30.0 44.0 0
31.0 44.0 0
32.0 44.0 0
33.0 44.0 0
34.0 44.0 0
35.0 44.0 0
36.0 44.0 0
37.0 44.0 0
38.0 44.0 0
39.0 44.0 0

1.0 44.5 0
2.0 44.5 0
3.0 44.5 0
4.0 44.5 0
5.0 44.5 0
6.0 44.5 0
7.0 44.5 0
8.0 44.5 0
9.0 44.5 0
10.0 44.5 0
11.0 44.5 0
12.0 44.5 0
13.0 44.5 0
14.0 44.5 0
15.0 44.5 0
16.0 44.5 0
17.0 44.5 0
18.0 44.5 0
19.0 44.5 0
20.0 44.5 0
21.0 44.5 0
22.0 44.5 0
23.0 44.5 0
24.0 44.5 0
25.0 44.5 0
26.0 44.5 0
27.0 44.5 0
28.0 44.5 0
29.0 44.5 0
30.0 44.5 0
31.0 44.5 0
32.0 44.5 0
33.0 44.5 0
34.0 44.5 0
35.0 44.5 0
36.0 44.5 0
37.0 44.5 0
38.0 44.5 0
39.0 44.5 0

1.0 45.0 0
2.0 45.0 0
3.0 45.0 0
4.0 45.0 0
5.0 45.0 0
6.0 45.0 1
7.0 45.0 0
8.0 45.0 0
9.0 45.0 0
10.0 45.0 0
11.0 45.0 0
12.0 45.0 0
13.0 45.0 0
14.0 45.0 0
15.0 45.0 0
16.0 45.0 0
17.0 45.0 0
18.0 45.0 0
19.0 45.0 0
20.0 45.0 0
21.0 45.0 0
22.0 45.0 0
23.0 45.0 0
24.0 45.0 0
25.0 45.0 0
26.0 45.0 0
27.0 45.0 0
28.0 45.0 0
29.0 45.0 0
30.0 45.0 0
31.0 45.0 0
32.0 45.0 0
33.0 45.0 0
34.0 45.0 0
35.0 45.0 0
36.0 45.0 0
37.0 45.0 0
38.0 45.0 0
39.0 45.0 0

1.0 45.5 0
2.0 45.5 0
3.0 45.5 0
4.0 45.5 1
5.0 45.5 0
6.0 45.5 0
7.0 45.5 0
8.0 45.5 0
9.0 45.5 0
10.0 45.5 0
11.0 45.5 0
12.0 45.5 0
13.0 45.5 0
14.0 45.5 0
15.0 45.5 0
16.0 45.5 0
17.0 45.5 0
18.0 45.5 0
19.0 45.5 0
20.0 45.5 0
21.0 45.5 0
22.0 45.5 0
23.0 45.5 0
24.0 45.5 0
25.0 45.5 0
26.0 45.5 0
27.0 45.5 0
28.0 45.5 0
29.0 45.5 0
30.0 45.5 0
31.0 45.5 0
32.0 45.5 0
33.0 45.5 0
34.0 45.5 0
35.0 45.5 0
36.0 45.5 0
37.0 45.5 0
38.0 45.5 0
39.0 45.5 0

1.0 46.0 0
2.0 46.0 0
3.0 46.0 0
4.0 46.0 0
5.0 46.0 0
6.0 46.0 0
7.0 46.0 0
8.0 46.0 0
9.0 46.0 0
10.0 46.0 0
11.0 46.0 0
12.0 46.0 0
13.0 46.0 0
14.0 46.0 0
15.0 46.0 0
16.0 46.0 0
17.0 46.0 0
18.0 46.0 0
19.0 46.0 0
20.0 46.0 0
21.0 46.0 0
22.0 46.0 0
23.0 46.0 0
24.0 46.0 0
25.0 46.0 0
26.0 46.0 0
27.0 46.0 0
28.0 46.0 0
29.0 46.0 0
30.0 46.0 0
31.0 46.0 0
32.0 46.0 0
33.0 46.0 0
34.0 46.0 0
35.0 46.0 0
36.0 46.0 0
37.0 46.0 0
38.0 46.0 0
39.0 46.0 0

1.0 46.5 0
2.0 46.5 0
3.0 46.5 0
4.0 46.5 0
5.0 46.5 0
6.0 46.5 0
7.0 46.5 0
8.0 46.5 0
9.0 46.5 0
10.0 46.5 0
11.0 46.5 0
12.0 46.5 0
13.0 46.5 0
14.0 46.5 0
15.0 46.5 0
16.0 46.5 0
17.0 46.5 0
18.0 46.5 0
19.0 46.5 0
20.0 46.5 0
21.0 46.5 0
22.0 46.5 0
23.0 46.5 0
24.0 46.5 0
25.0 46.5 0
26.0 46.5 0
27.0 46.5 0
28.0 46.5 0
29.0 46.5 0
30.0 46.5 0
31.0 46.5 0
32.0 46.5 0
33.0 46.5 0
34.0 46.5 0
35.0 46.5 0
36.0 46.5 0
37.0 46.5 0
38.0 46.5 0
39.0 46.5 0

1.0 47.0 0
2.0 47.0 0
3.0 47.0 0
4.0 47.0 0
5.0 47.0 0
6.0 47.0 0
7.0 47.0 0
8.0 47.0 0
9.0 47.0 0
10.0 47.0 0
11.0 47.0 0
12.0 47.0 0
13.0 47.0 0
14.0 47.0 0
15.0 47.0 0
16.0 47.0 0
17.0 47.0 0
18.0 47.0 0
19.0 47.0 0
20.0 47.0 0
21.0 47.0 0
22.0 47.0 0
23.0 47.0 0
24.0 47.0 0
25.0 47.0 0
26.0 47.0 0
27.0 47.0 0
28.0 47.0 0
29.0 47.0 0
30.0 47.0 0
31.0 47.0 0
32.0 47.0 0
33.0 47.0 0
34.0 47.0 0
35.0 47.0 0
36.0 47.0 0
37.0 47.0 0
38.0 47.0 0
39.0 47.0 0

1.0 47.5 0
2.0 47.5 0
3.0 47.5 0
4.0 47.5 0
5.0 47.5 0
6.0 47.5 0
7.0 47.5 0
8.0 47.5 0
9.0 47.5 0
10.0 47.5 0
11.0 47.5 0
12.0 47.5 0
13.0 47.5 0
14.0 47.5 0
15.0 47.5 0
16.0 47.5 0
17.0 47.5 0
18.0 47.5 0
19.0 47.5 0
20.0 47.5 0
21.0 47.5 0
22.0 47.5 0
23.0 47.5 0
24.0 47.5 0
25.0 47.5 0
26.0 47.5 0
27.0 47.5 0
28.0 47.5 0
29.0 47.5 0
30.0 47.5 0
31.0 47.5 0
32.0 47.5 0
33.0 47.5 0
34.0 47.5 0
35.0 47.5 0
36.0 47.5 0
37.0 47.5 0
38.0 47.5 0
39.0 47.5 0

1.0 48.0 0
2.0 48.0 0
3.0 48.0 0
4.0 48.0 0
5.0 48.0 0
6.0 48.0 0
7.0 48.0 0
8.0 48.0 0
9.0 48.0 0
10.0 48.0 0
11.0 48.0 0
12.0 48.0 0
13.0 48.0 0
14.0 48.0 0
15.0 48.0 0
16.0 48.0 0
17.0 48.0 0
18.0 48.0 0
19.0 48.0 0
20.0 48.0 0
21.0 48.0 0
22.0 48.0 0
23.0 48.0 0
24.0 48.0 0
25.0 48.0 0
26.0 48.0 0
27.0 48.0 0
28.0 48.0 0
29.0 48.0 0
30.0 48.0 0
31.0 48.0 0
32.0 48.0 0
33.0 48.0 0
34.0 48.0 0
35.0 48.0 0
36.0 48.0 0
37.0 48.0 0
38.0 48.0 0
39.0 48.0 0

1.0 48.5 0
2.0 48.5 0
3.0 48.5 0
4.0 48.5 0
5.0 48.5 0
6.0 48.5 0
7.0 48.5 0
8.0 48.5 0
9.0 48.5 0
10.0 48.5 0
11.0 48.5 0
12.0 48.5 0
13.0 48.5 0
14.0 48.5 0
15.0 48.5 0
16.0 48.5 0
17.0 48.5 0
18.0 48.5 0
19.0 48.5 0
20.0 48.5 0
21.0 48.5 0
22.0 48.5 0
23.0 48.5 0
24.0 48.5 0
25.0 48.5 0
26.0 48.5 0
27.0 48.5 0
28.0 48.5 0
29.0 48.5 0
30.0 48.5 0
31.0 48.5 0
32.0 48.5 0
33.0 48.5 0
34.0 48.5 0
35.0 48.5 0
36.0 48.5 0
37.0 48.5 0
38.0 48.5 0
39.0 48.5 0

1.0 49.0 0
2.0 49.0 0
3.0 49.0 0
4.0 49.0 0
5.0 49.0 0
6.0 49.0 0
7.0 49.0 0
8.0 49.0 0
9.0 49.0 0
10.0 49.0 0
11.0 49.0 0
12.0 49.0 0
13.0 49.0 0
14.0 49.0 0
15.0 49.0 0
16.0 49.0 0
17.0 49.0 0
18.0 49.0 0
19.0 49.0 0
20.0 49.0 0
21.0 49.0 0
22.0 49.0 0
23.0 49.0 0
24.0 49.0 0
25.0 49.0 0
26.0 49.0 0
27.0 49.0 0
28.0 49.0 0
29.0 49.0 0
30.0 49.0 0
31.0 49.0 0
32.0 49.0 0
33.0 49.0 0
34.0 49.0 0
35.0 49.0 0
36.0 49.0 0
37.0 49.0 0
38.0 49.0 0
39.0 49.0 0

1.0 49.5 0
2.0 49.5 0
3.0 49.5 0
4.0 49.5 0
5.0 49.5 0
6.0 49.5 0
7.0 49.5 0
8.0 49.5 0
9.0 49.5 0
10.0 49.5 0
11.0 49.5 0
12.0 49.5 0
13.0 49.5 0
14.0 49.5 0
15.0 49.5 0
16.0 49.5 0
17.0 49.5 0
18.0 49.5 0
19.0 49.5 0
20.0 49.5 0
21.0 49.5 0
22.0 49.5 0
23.0 49.5 0
24.0 49.5 0
25.0 49.5 0
26.0 49.5 0
27.0 49.5 0
28.0 49.5 0
29.0 49.5 0
30.0 49.5 0
31.0 49.5 0
32.0 49.5 0
33.0 49.5 0
34.0 49.5 0
35.0 49.5 0
36.0 49.5 0
37.0 49.5 0
38.0 49.5 0
39.0 49.5 0

1.0 50.0 0
2.0 50.0 0
3.0 50.0 0
4.0 50.0 0
5.0 50.0 0
6.0 50.0 0
7.0 50.0 0
8.0 50.0 0
9.0 50.0 0
10.0 50.0 0
11.0 50.0 0
12.0 50.0 0
13.0 50.0 0
14.0 50.0 0
15.0 50.0 0
16.0 50.0 0
17.0 50.0 0
18.0 50.0 0
19.0 50.0 0
20.0 50.0 0
21.0 50.0 0
22.0 50.0 0
23.0 50.0 0
24.0 50.0 0
25.0 50.0 0
26.0 50.0 0
27.0 50.0 0
28.0 50.0 0
29.0 50.0 0
30.0 50.0 0
31.0 50.0 0
32.0 50.0 0
33.0 50.0 0
34.0 50.0 0
35.0 50.0 0
36.0 50.0 0
37.0 50.0 0
38.0 50.0 0
39.0 50.0 0

1.0 50.5 0
2.0 50.5 0
3.0 50.5 0
4.0 50.5 0
5.0 50.5 0
6.0 50.5 0
7.0 50.5 0
8.0 50.5 0
9.0 50.5 0
10.0 50.5 0
11.0 50.5 0
12.0 50.5 0
13.0 50.5 0
14.0 50.5 0
15.0 50.5 0
16.0 50.5 0
17.0 50.5 0
18.0 50.5 0
19.0 50.5 0
20.0 50.5 0
21.0 50.5 0
22.0 50.5 0
23.0 50.5 0
24.0 50.5 0
25.0 50.5 0
26.0 50.5 0
27.0 50.5 0
28.0 50.5 0
29.0 50.5 0
30.0 50.5 0
31.0 50.5 0
32.0 50.5 0
33.0 50.5 0
34.0 50.5 0
35.0 50.5 0
36.0 50.5 0
37.0 50.5 0
38.0 50.5 0
39.0 50.5 0

1.0 51.0 0
2.0 51.0 0
3.0 51.0 0
4.0 51.0 0
5.0 51.0 0
6.0 51.0 0
7.0 51.0 0
8.0 51.0 0
9.0 51.0 0
10.0 51.0 0
11.0 51.0 0
12.0 51.0 0
13.0 51.0 0
14.0 51.0 0
15.0 51.0 0
16.0 51.0 0
17.0 51.0 0
18.0 51.0 0
19.0 51.0 0
20.0 51.0 0
21.0 51.0 0
22.0 51.0 0
23.0 51.0 0
24.0 51.0 0
25.0 51.0 0
26.0 51.0 0
27.0 51.0 0
28.0 51.0 0
29.0 51.0 0
30.0 51.0 0
31.0 51.0 0
32.0 51.0 0
33.0 51.0 0
34.0 51.0 0
35.0 51.0 0
36.0 51.0 0
37.0 51.0 0
38.0 51.0 0
39.0 51.0 0

1.0 51.5 0
2.0 51.5 0
3.0 51.5 0
4.0 51.5 0
5.0 51.5 0
6.0 51.5 0
7.0 51.5 0
8.0 51.5 0
9.0 51.5 0
10.0 51.5 0
11.0 51.5 0
12.0 51.5 0
13.0 51.5 0
14.0 51.5 0
15.0 51.5 0
16.0 51.5 0
17.0 51.5 0
18.0 51.5 0
19.0 51.5 0
20.0 51.5 0
21.0 51.5 0
22.0 51.5 0
23.0 51.5 0
24.0 51.5 0
25.0 51.5 0
26.0 51.5 0
27.0 51.5 0
28.0 51.5 0
29.0 51.5 0
30.0 51.5 0
31.0 51.5 0
32.0 51.5 0
33.0 51.5 0
34.0 51.5 0
35.0 51.5 0
36.0 51.5 0
37.0 51.5 0
38.0 51.5 0
39.0 51.5 0

1.0 52.0 0
2.0 52.0 0
3.0 52.0 0
4.0 52.0 0
5.0 52.0 0
6.0 52.0 0
7.0 52.0 0
8.0 52.0 0
9.0 52.0 0
10.0 52.0 0
11.0 52.0 0
12.0 52.0 0
13.0 52.0 0
14.0 52.0 0
15.0 52.0 0
16.0 52.0 0
17.0 52.0 0
18.0 52.0 0
19.0 52.0 0
20.0 52.0 0
21.0 52.0 0
22.0 52.0 0
23.0 52.0 0
24.0 52.0 0
25.0 52.0 0
26.0 52.0 0
27.0 52.0 0
28.0 52.0 0
29.0 52.0 0
30.0 52.0 0
31.0 52.0 0
32.0 52.0 0
33.0 52.0 0
34.0 52.0 0
35.0 52.0 0
36.0 52.0 0
37.0 52.0 0
38.0 52.0 0
39.0 52.0 0

1.0 52.5 0
2.0 52.5 0
3.0 52.5 0
4.0 52.5 0
5.0 52.5 0
6.0 52.5 0
7.0 52.5 0
8.0 52.5 0
9.0 52.5 0
10.0 52.5 0
11.0 52.5 0
12.0 52.5 0
13.0 52.5 0
14.0 52.5 0
15.0 52.5 0
16.0 52.5 0
17.0 52.5 0
18.0 52.5 0
19.0 52.5 0
20.0 52.5 0
21.0 52.5 0
22.0 52.5 0
23.0 52.5 0
24.0 52.5 0
25.0 52.5 0
26.0 52.5 0
27.0 52.5 0
28.0 52.5 0
29.0 52.5 0
30.0 52.5 0
31.0 52.5 0
32.0 52.5 0
33.0 52.5 0
34.0 52.5 0
35.0 52.5 0
36.0 52.5 0
37.0 52.5 0
38.0 52.5 0
39.0 52.5 0

1.0 53.0 0
2.0 53.0 0
3.0 53.0 0
4.0 53.0 0
5.0 53.0 0
6.0 53.0 0
7.0 53.0 0
8.0 53.0 0
9.0 53.0 0
10.0 53.0 0
11.0 53.0 0
12.0 53.0 0
13.0 53.0 0
14.0 53.0 0
15.0 53.0 0
16.0 53.0 0
17.0 53.0 0
18.0 53.0 0
19.0 53.0 0
20.0 53.0 0
21.0 53.0 0
22.0 53.0 0
23.0 53.0 0
24.0 53.0 0
25.0 53.0 0
26.0 53.0 0
27.0 53.0 0
28.0 53.0 0
29.0 53.0 0
30.0 53.0 0
31.0 53.0 0
32.0 53.0 0
33.0 53.0 0
34.0 53.0 0
35.0 53.0 0
36.0 53.0 0
37.0 53.0 0
38.0 53.0 0
39.0 53.0 0

1.0 53.5 0
2.0 53.5 0
3.0 53.5 0
4.0 53.5 0
5.0 53.5 0
6.0 53.5 0
7.0 53.5 0
8.0 53.5 0
9.0 53.5 0
10.0 53.5 0
11.0 53.5 0
12.0 53.5 0
13.0 53.5 0
14.0 53.5 0
15.0 53.5 0
16.0 53.5 0
17.0 53.5 0
18.0 53.5 0
19.0 53.5 0
20.0 53.5 0
21.0 53.5 0
22.0 53.5 0
23.0 53.5 0
24.0 53.5 0
25.0 53.5 0
26.0 53.5 0
27.0 53.5 0
28.0 53.5 0
29.0 53.5 0
30.0 53.5 0
31.0 53.5 0
32.0 53.5 0
33.0 53.5 0
34.0 53.5 0
35.0 53.5 0
36.0 53.5 0
37.0 53.5 0
38.0 53.5 0
39.0 53.5 0

1.0 54.0 0
2.0 54.0 0
3.0 54.0 0
4.0 54.0 0
5.0 54.0 0
6.0 54.0 0
7.0 54.0 0
8.0 54.0 0
9.0 54.0 0
10.0 54.0 0
11.0 54.0 0
12.0 54.0 0
13.0 54.0 0
14.0 54.0 0
15.0 54.0 0
16.0 54.0 0
17.0 54.0 0
18.0 54.0 0
19.0 54.0 0
20.0 54.0 0
21.0 54.0 0
22.0 54.0 0
23.0 54.0 0
24.0 54.0 0
25.0 54.0 0
26.0 54.0 0
27.0 54.0 0
28.0 54.0 0
29.0 54.0 0
30.0 54.0 0
31.0 54.0 0
32.0 54.0 0
33.0 54.0 0
34.0 54.0 0
35.0 54.0 0
36.0 54.0 0
37.0 54.0 0
38.0 54.0 0
39.0 54.0 0

1.0 54.5 0
2.0 54.5 0
3.0 54.5 0
4.0 54.5 0
5.0 54.5 0
6.0 54.5 0
7.0 54.5 0
8.0 54.5 0
9.0 54.5 0
10.0 54.5 0
11.0 54.5 0
12.0 54.5 0
13.0 54.5 0
14.0 54.5 0
15.0 54.5 0
16.0 54.5 0
17.0 54.5 0
18.0 54.5 0
19.0 54.5 0
20.0 54.5 0
21.0 54.5 0
22.0 54.5 0
23.0 54.5 0
24.0 54.5 0
25.0 54.5 0
26.0 54.5 0
27.0 54.5 0
28.0 54.5 0
29.0 54.5 0
30.0 54.5 0
31.0 54.5 0
32.0 54.5 0
33.0 54.5 0
34.0 54.5 0
35.0 54.5 0
36.0 54.5 0
37.0 54.5 0
38.0 54.5 0
39.0 54.5 0

1.0 55.0 0
2.0 55.0 0
3.0 55.0 0
4.0 55.0 0
5.0 55.0 0
6.0 55.0 0
7.0 55.0 0
8.0 55.0 0
9.0 55.0 0
10.0 55.0 0
11.0 55.0 0
12.0 55.0 0
13.0 55.0 0
14.0 55.0 0
15.0 55.0 0
16.0 55.0 0
17.0 55.0 0
18.0 55.0 0
19.0 55.0 0
20.0 55.0 0
21.0 55.0 0
22.0 55.0 0
23.0 55.0 0
24.0 55.0 0
25.0 55.0 0
26.0 55.0 0
27.0 55.0 0
28.0 55.0 0
29.0 55.0 0
30.0 55.0 0
31.0 55.0 0
32.0 55.0 0
33.0 55.0 0
34.0 55.0 0
35.0 55.0 0
36.0 55.0 0
37.0 55.0 0
38.0 55.0 0
39.0 55.0 0

1.0 55.5 0
2.0 55.5 0
3.0 55.5 0
4.0 55.5 0
5.0 55.5 0
6.0 55.5 0
7.0 55.5 0
8.0 55.5 0
9.0 55.5 0
10.0 55.5 0
11.0 55.5 0
12.0 55.5 0
13.0 55.5 0
14.0 55.5 0
15.0 55.5 0
16.0 55.5 0
17.0 55.5 0
18.0 55.5 0
19.0 55.5 0
20.0 55.5 0
21.0 55.5 0
22.0 55.5 0
23.0 55.5 0
24.0 55.5 0
25.0 55.5 0
26.0 55.5 0
27.0 55.5 0
28.0 55.5 0
29.0 55.5 0
30.0 55.5 0
31.0 55.5 0
32.0 55.5 0
33.0 55.5 0
34.0 55.5 0
35.0 55.5 0
36.0 55.5 0
37.0 55.5 0
38.0 55.5 0
39.0 55.5 0

1.0 56.0 0
2.0 56.0 0
3.0 56.0 0
4.0 56.0 0
5.0 56.0 0
6.0 56.0 0
7.0 56.0 0
8.0 56.0 0
9.0 56.0 0
10.0 56.0 0
11.0 56.0 0
12.0 56.0 0
13.0 56.0 0
14.0 56.0 0
15.0 56.0 0
16.0 56.0 0
17.0 56.0 0
18.0 56.0 0
19.0 56.0 0
20.0 56.0 0
21.0 56.0 0
22.0 56.0 0
23.0 56.0 0
24.0 56.0 0
25.0 56.0 0
26.0 56.0 0
27.0 56.0 0
28.0 56.0 0
29.0 56.0 0
30.0 56.0 0
31.0 56.0 0
32.0 56.0 0
33.0 56.0 0
34.0 56.0 0
35.0 56.0 0
36.0 56.0 0
37.0 56.0 0
38.0 56.0 0
39.0 56.0 0

1.0 56.5 0
2.0 56.5 0
3.0 56.5 0
4.0 56.5 0
5.0 56.5 0
6.0 56.5 0
7.0 56.5 0
8.0 56.5 0
9.0 56.5 0
10.0 56.5 0
11.0 56.5 0
12.0 56.5 0
13.0 56.5 0
14.0 56.5 0
15.0 56.5 0
16.0 56.5 0
17.0 56.5 0
18.0 56.5 0
19.0 56.5 0
20.0 56.5 0
21.0 56.5 0
22.0 56.5 0
23.0 56.5 0
24.0 56.5 0
25.0 56.5 0
26.0 56.5 0
27.0 56.5 0
28.0 56.5 0
29.0 56.5 0
30.0 56.5 0
31.0 56.5 0
32.0 56.5 0
33.0 56.5 0
34.0 56.5 0
35.0 56.5 0
36.0 56.5 0
37.0 56.5 0
38.0 56.5 0
39.0 56.5 0

1.0 57.0 0
2.0 57.0 0
3.0 57.0 0
4.0 57.0 0
5.0 57.0 0
6.0 57.0 0
7.0 57.0 0
8.0 57.0 0
9.0 57.0 0
10.0 57.0 0
11.0 57.0 0
12.0 57.0 0
13.0 57.0 0
14.0 57.0 0
15.0 57.0 0
16.0 57.0 0
17.0 57.0 0
18.0 57.0 0
19.0 57.0 0
20.0 57.0 0
21.0 57.0 0
22.0 57.0 0
23.0 57.0 0
24.0 57.0 0
25.0 57.0 0
26.0 57.0 0
27.0 57.0 0
28.0 57.0 0
29.0 57.0 0
30.0 57.0 0
31.0 57.0 0
32.0 57.0 0
33.0 57.0 0
34.0 57.0 0
35.0 57.0 0
36.0 57.0 0
37.0 57.0 0
38.0 57.0 0
39.0 57.0 0

1.0 57.5 0
2.0 57.5 0
3.0 57.5 0
4.0 57.5 0
5.0 57.5 0
6.0 57.5 0
7.0 57.5 0
8.0 57.5 0
9.0 57.5 0
10.0 57.5 0
11.0 57.5 0
12.0 57.5 0
13.0 57.5 0
14.0 57.5 0
15.0 57.5 0
16.0 57.5 0
17.0 57.5 0
18.0 57.5 0
19.0 57.5 0
20.0 57.5 0
21.0 57.5 0
22.0 57.5 0
23.0 57.5 0
24.0 57.5 0
25.0 57.5 0
26.0 57.5 0
27.0 57.5 0
28.0 57.5 0
29.0 57.5 0
30.0 57.5 0
31.0 57.5 0
32.0 57.5 0
33.0 57.5 0
34.0 57.5 0
35.0 57.5 0
36.0 57.5 0
37.0 57.5 0
38.0 57.5 0
39.0 57.5 0

1.0 58.0 0
2.0 58.0 0
3.0 58.0 0
4.0 58.0 0
5.0 58.0 0
6.0 58.0 0
7.0 58.0 0
8.0 58.0 0
9.0 58.0 0
10.0 58.0 0
11.0 58.0 0
12.0 58.0 0
13.0 58.0 0
14.0 58.0 0
15.0 58.0 0
16.0 58.0 0
17.0 58.0 0
18.0 58.0 0
19.0 58.0 0
20.0 58.0 0
21.0 58.0 0
22.0 58.0 0
23.0 58.0 0
24.0 58.0 0
25.0 58.0 0
26.0 58.0 0
27.0 58.0 0
28.0 58.0 0
29.0 58.0 0
30.0 58.0 0
31.0 58.0 0
32.0 58.0 0
33.0 58.0 0
34.0 58.0 0
35.0 58.0 0
36.0 58.0 0
37.0 58.0 0
38.0 58.0 0
39.0 58.0 0

1.0 58.5 0
2.0 58.5 0
3.0 58.5 0
4.0 58.5 0
5.0 58.5 0
6.0 58.5 0
7.0 58.5 0
8.0 58.5 0
9.0 58.5 0
10.0 58.5 0
11.0 58.5 0
12.0 58.5 0
13.0 58.5 0
14.0 58.5 0
15.0 58.5 0
16.0 58.5 0
17.0 58.5 0
18.0 58.5 0
19.0 58.5 0
20.0 58.5 0
21.0 58.5 0
22.0 58.5 0
23.0 58.5 0
24.0 58.5 0
25.0 58.5 0
26.0 58.5 0
27.0 58.5 0
28.0 58.5 0
29.0 58.5 0
30.0 58.5 0
31.0 58.5 0
32.0 58.5 0
33.0 58.5 0
34.0 58.5 0
35.0 58.5 0
36.0 58.5 0
37.0 58.5 0
38.0 58.5 0
39.0 58.5 0

1.0 59.0 0
2.0 59.0 0
3.0 59.0 0
4.0 59.0 0
5.0 59.0 0
6.0 59.0 0
7.0 59.0 0
8.0 59.0 0
9.0 59.0 0
10.0 59.0 0
11.0 59.0 0
12.0 59.0 0
13.0 59.0 0
14.0 59.0 0
15.0 59.0 0
16.0 59.0 0
17.0 59.0 0
18.0 59.0 0
19.0 59.0 0
20.0 59.0 0
21.0 59.0 0
22.0 59.0 0
23.0 59.0 0
24.0 59.0 0
25.0 59.0 0
26.0 59.0 0
27.0 59.0 0
28.0 59.0 0
29.0 59.0 0
30.0 59.0 0
31.0 59.0 0
32.0 59.0 0
33.0 59.0 0
34.0 59.0 0
35.0 59.0 0
36.0 59.0 0
37.0 59.0 0
38.0 59.0 0
39.0 59.0 0

1.0 59.5 0
2.0 59.5 0
3.0 59.5 0
4.0 59.5 0
5.0 59.5 0
6.0 59.5 0
7.0 59.5 0
8.0 59.5 0
9.0 59.5 0
10.0 59.5 0
11.0 59.5 0
12.0 59.5 0
13.0 59.5 0
14.0 59.5 0
15.0 59.5 0
16.0 59.5 0
17.0 59.5 0
18.0 59.5 0
19.0 59.5 0
20.0 59.5 0
21.0 59.5 0
22.0 59.5 0
23.0 59.5 0
24.0 59.5 0
25.0 59.5 0
26.0 59.5 0
27.0 59.5 0
28.0 59.5 0
29.0 59.5 0
30.0 59.5 0
31.0 59.5 0
32.0 59.5 0
33.0 59.5 0
34.0 59.5 0
35.0 59.5 0
36.0 59.5 0
37.0 59.5 0
38.0 59.5 0
39.0 59.5 0

1.0 60.0 0
2.0 60.0 0
3.0 60.0 0
4.0 60.0 0
5.0 60.0 0
6.0 60.0 0
7.0 60.0 0
8.0 60.0 0
9.0 60.0 0
10.0 60.0 0
11.0 60.0 0
12.0 60.0 0
13.0 60.0 0
14.0 60.0 0
15.0 60.0 0
16.0 60.0 0
17.0 60.0 0
18.0 60.0 0
19.0 60.0 0
20.0 60.0 0
21.0 60.0 0
22.0 60.0 0
23.0 60.0 0
24.0 60.0 0
25.0 60.0 0
26.0 60.0 0
27.0 60.0 0
28.0 60.0 0
29.0 60.0 0
30.0 60.0 0
31.0 60.0 0
32.0 60.0 0
33.0 60.0 0
34.0 60.0 0
35.0 60.0 0
36.0 60.0 0
37.0 60.0 0
38.0 60.0 0
39.0 60.0 0

1.0 60.5 0
2.0 60.5 0
3.0 60.5 0
4.0 60.5 0
5.0 60.5 0
6.0 60.5 0
7.0 60.5 0
8.0 60.5 0
9.0 60.5 0
10.0 60.5 0
11.0 60.5 0
12.0 60.5 0
13.0 60.5 0
14.0 60.5 0
15.0 60.5 0
16.0 60.5 0
17.0 60.5 0
18.0 60.5 0
19.0 60.5 0
20.0 60.5 0
21.0 60.5 0
22.0 60.5 0
23.0 60.5 0
24.0 60.5 0
25.0 60.5 0
26.0 60.5 0
27.0 60.5 0
28.0 60.5 0
29.0 60.5 0
30.0 60.5 0
31.0 60.5 0
32.0 60.5 0
33.0 60.5 0
34.0 60.5 0
35.0 60.5 0
36.0 60.5 0
37.0 60.5 0
38.0 60.5 0
39.0 60.5 0

1.0 61.0 0
2.0 61.0 0
3.0 61.0 0
4.0 61.0 0
5.0 61.0 0
6.0 61.0 0
7.0 61.0 0
8.0 61.0 0
9.0 61.0 0
10.0 61.0 0
11.0 61.0 0
12.0 61.0 0
13.0 61.0 0
14.0 61.0 0
15.0 61.0 0
16.0 61.0 0
17.0 61.0 0
18.0 61.0 0
19.0 61.0 0
20.0 61.0 0
21.0 61.0 0
22.0 61.0 0
23.0 61.0 0
24.0 61.0 0
25.0 61.0 0
26.0 61.0 0
27.0 61.0 0
28.0 61.0 0
29.0 61.0 0
30.0 61.0 0
31.0 61.0 0
32.0 61.0 0
33.0 61.0 0
34.0 61.0 0
35.0 61.0 0
36.0 61.0 0
37.0 61.0 0
38.0 61.0 0
39.0 61.0 0

1.0 61.5 0
2.0 61.5 0
3.0 61.5 0
4.0 61.5 0
5.0 61.5 0
6.0 61.5 0
7.0 61.5 0
8.0 61.5 0
9.0 61.5 0
10.0 61.5 0
11.0 61.5 0
12.0 61.5 0
13.0 61.5 0
14.0 61.5 0
15.0 61.5 0
16.0 61.5 0
17.0 61.5 0
18.0 61.5 0
19.0 61.5 0
20.0 61.5 0
21.0 61.5 0
22.0 61.5 0
23.0 61.5 0
24.0 61.5 0
25.0 61.5 0
26.0 61.5 0
27.0 61.5 0
28.0 61.5 0
29.0 61.5 0
30.0 61.5 0
31.0 61.5 0
32.0 61.5 0
33.0 61.5 0
34.0 61.5 0
35.0 61.5 0
36.0 61.5 0
37.0 61.5 0
38.0 61.5 0
39.0 61.5 0

1.0 62.0 0
2.0 62.0 0
3.0 62.0 0
4.0 62.0 0
5.0 62.0 0
6.0 62.0 0
7.0 62.0 0
8.0 62.0 0
9.0 62.0 0
10.0 62.0 0
11.0 62.0 0
12.0 62.0 0
13.0 62.0 0
14.0 62.0 0
15.0 62.0 0
16.0 62.0 0
17.0 62.0 0
18.0 62.0 0
19.0 62.0 0
20.0 62.0 0
21.0 62.0 0
22.0 62.0 0
23.0 62.0 0
24.0 62.0 0
25.0 62.0 0
26.0 62.0 0
27.0 62.0 0
28.0 62.0 0
29.0 62.0 0
30.0 62.0 0
31.0 62.0 0
32.0 62.0 0
33.0 62.0 0
34.0 62.0 0
35.0 62.0 0
36.0 62.0 0
37.0 62.0 0
38.0 62.0 0
39.0 62.0 0

1.0 62.5 0
2.0 62.5 0
3.0 62.5 0
4.0 62.5 0
5.0 62.5 0
6.0 62.5 0
7.0 62.5 0
8.0 62.5 0
9.0 62.5 0
10.0 62.5 0
11.0 62.5 0
12.0 62.5 0
13.0 62.5 0
14.0 62.5 0
15.0 62.5 0
16.0 62.5 0
17.0 62.5 0
18.0 62.5 0
19.0 62.5 0
20.0 62.5 0
21.0 62.5 0
22.0 62.5 0
23.0 62.5 0
24.0 62.5 0
25.0 62.5 0
26.0 62.5 0
27.0 62.5 0
28.0 62.5 0
29.0 62.5 0
30.0 62.5 0
31.0 62.5 0
32.0 62.5 0
33.0 62.5 0
34.0 62.5 0
35.0 62.5 0
36.0 62.5 0
37.0 62.5 0
38.0 62.5 0
39.0 62.5 0

1.0 63.0 0
2.0 63.0 0
3.0 63.0 0
4.0 63.0 0
5.0 63.0 0
6.0 63.0 0
7.0 63.0 0
8.0 63.0 0
9.0 63.0 0
10.0 63.0 0
11.0 63.0 0
12.0 63.0 0
13.0 63.0 0
14.0 63.0 0
15.0 63.0 0
16.0 63.0 0
17.0 63.0 0
18.0 63.0 0
19.0 63.0 0
20.0 63.0 0
21.0 63.0 0
22.0 63.0 0
23.0 63.0 0
24.0 63.0 0
25.0 63.0 0
26.0 63.0 0
27.0 63.0 0
28.0 63.0 0
29.0 63.0 0
30.0 63.0 0
31.0 63.0 0
32.0 63.0 0
33.0 63.0 0
34.0 63.0 0
35.0 63.0 0
36.0 63.0 0
37.0 63.0 0
38.0 63.0 0
39.0 63.0 0

1.0 63.5 0
2.0 63.5 0
3.0 63.5 0
4.0 63.5 0
5.0 63.5 0
6.0 63.5 0
7.0 63.5 0
8.0 63.5 0
9.0 63.5 0
10.0 63.5 0
11.0 63.5 0
12.0 63.5 0
13.0 63.5 0
14.0 63.5 0
15.0 63.5 0
16.0 63.5 0
17.0 63.5 0
18.0 63.5 0
19.0 63.5 0
20.0 63.5 0
21.0 63.5 0
22.0 63.5 0
23.0 63.5 0
24.0 63.5 0
25.0 63.5 0
26.0 63.5 0
27.0 63.5 0
28.0 63.5 0
29.0 63.5 0
30.0 63.5 0
31.0 63.5 0
32.0 63.5 0
33.0 63.5 0
34.0 63.5 0
35.0 63.5 0
36.0 63.5 0
37.0 63.5 0
38.0 63.5 0
39.0 63.5 0

1.0 64.0 0
2.0 64.0 0
3.0 64.0 0
4.0 64.0 0
5.0 64.0 0
6.0 64.0 0
7.0 64.0 0
8.0 64.0 0
9.0 64.0 0
10.0 64.0 0
11.0 64.0 0
12.0 64.0 0
13.0 64.0 0
14.0 64.0 0
15.0 64.0 0
16.0 64.0 0
17.0 64.0 0
18.0 64.0 0
19.0 64.0 0
20.0 64.0 0
21.0 64.0 0
22.0 64.0 0
23.0 64.0 0
24.0 64.0 0
25.0 64.0 0
26.0 64.0 0
27.0 64.0 0
28.0 64.0 0
29.0 64.0 0
30.0 64.0 0
31.0 64.0 0
32.0 64.0 0
33.0 64.0 0
34.0 64.0 0
35.0 64.0 0
36.0 64.0 0
37.0 64.0 0
38.0 64.0 0
39.0 64.0 0

1.0 64.5 0
2.0 64.5 0
3.0 64.5 0
4.0 64.5 0
5.0 64.5 0
6.0 64.5 0
7.0 64.5 0
8.0 64.5 0
9.0 64.5 0
10.0 64.5 0
11.0 64.5 0
12.0 64.5 0
13.0 64.5 0
14.0 64.5 0
15.0 64.5 0
16.0 64.5 0
17.0 64.5 0
18.0 64.5 0
19.0 64.5 0
20.0 64.5 0
21.0 64.5 0
22.0 64.5 0
23.0 64.5 0
24.0 64.5 0
25.0 64.5 0
26.0 64.5 0
27.0 64.5 0
28.0 64.5 0
29.0 64.5 0
30.0 64.5 0
31.0 64.5 0
32.0 64.5 0
33.0 64.5 0
34.0 64.5 0
35.0 64.5 0
36.0 64.5 0
37.0 64.5 0
38.0 64.5 0
39.0 64.5 0

1.0 65.0 0
2.0 65.0 0
3.0 65.0 0
4.0 65.0 0
5.0 65.0 0
6.0 65.0 0
7.0 65.0 0
8.0 65.0 0
9.0 65.0 0
10.0 65.0 0
11.0 65.0 0
12.0 65.0 0
13.0 65.0 0
14.0 65.0 0
15.0 65.0 0
16.0 65.0 0
17.0 65.0 0
18.0 65.0 0
19.0 65.0 0
20.0 65.0 0
21.0 65.0 0
22.0 65.0 0
23.0 65.0 0
24.0 65.0 0
25.0 65.0 0
26.0 65.0 0
27.0 65.0 0
28.0 65.0 0
29.0 65.0 0
30.0 65.0 0
31.0 65.0 0
32.0 65.0 0
33.0 65.0 0
34.0 65.0 0
35.0 65.0 0
36.0 65.0 0
37.0 65.0 0
38.0 65.0 0
39.0 65.0 0

1.0 65.5 0
2.0 65.5 0
3.0 65.5 0
4.0 65.5 0
5.0 65.5 0
6.0 65.5 0
7.0 65.5 0
8.0 65.5 0
9.0 65.5 0
10.0 65.5 0
11.0 65.5 0
12.0 65.5 0
13.0 65.5 0
14.0 65.5 0
15.0 65.5 0
16.0 65.5 0
17.0 65.5 0
18.0 65.5 0
19.0 65.5 0
20.0 65.5 0
21.0 65.5 0
22.0 65.5 0
23.0 65.5 0
24.0 65.5 0
25.0 65.5 0
26.0 65.5 0
27.0 65.5 0
28.0 65.5 0
29.0 65.5 0
30.0 65.5 0
31.0 65.5 0
32.0 65.5 0
33.0 65.5 0
34.0 65.5 0
35.0 65.5 0
36.0 65.5 0
37.0 65.5 0
38.0 65.5 0
39.0 65.5 0

1.0 66.0 0
2.0 66.0 0
3.0 66.0 0
4.0 66.0 0
5.0 66.0 0
6.0 66.0 0
7.0 66.0 0
8.0 66.0 0
9.0 66.0 0
10.0 66.0 0
11.0 66.0 0
12.0 66.0 0
13.0 66.0 0
14.0 66.0 0
15.0 66.0 0
16.0 66.0 0
17.0 66.0 0
18.0 66.0 0
19.0 66.0 0
20.0 66.0 0
21.0 66.0 0
22.0 66.0 0
23.0 66.0 0
24.0 66.0 0
25.0 66.0 0
26.0 66.0 0
27.0 66.0 0
28.0 66.0 0
29.0 66.0 0
30.0 66.0 0
31.0 66.0 0
32.0 66.0 0
33.0 66.0 0
34.0 66.0 0
35.0 66.0 0
36.0 66.0 0
37.0 66.0 0
38.0 66.0 0
39.0 66.0 0

1.0 66.5 0
2.0 66.5 0
3.0 66.5 0
4.0 66.5 0
5.0 66.5 0
6.0 66.5 0
7.0 66.5 0
8.0 66.5 0
9.0 66.5 0
10.0 66.5 0
11.0 66.5 0
12.0 66.5 0
13.0 66.5 0
14.0 66.5 0
15.0 66.5 0
16.0 66.5 0
17.0 66.5 0
18.0 66.5 0
19.0 66.5 0
20.0 66.5 0
21.0 66.5 0
22.0 66.5 0
23.0 66.5 0
24.0 66.5 0
25.0 66.5 0
26.0 66.5 0
27.0 66.5 0
28.0 66.5 0
29.0 66.5 0
30.0 66.5 0
31.0 66.5 0
32.0 66.5 0
33.0 66.5 0
34.0 66.5 0
35.0 66.5 0
36.0 66.5 0
37.0 66.5 0
38.0 66.5 0
39.0 66.5 0

1.0 67.0 0
2.0 67.0 0
3.0 67.0 0
4.0 67.0 0
5.0 67.0 0
6.0 67.0 0
7.0 67.0 0
8.0 67.0 0
9.0 67.0 0
10.0 67.0 0
11.0 67.0 0
12.0 67.0 0
13.0 67.0 0
14.0 67.0 0
15.0 67.0 0
16.0 67.0 0
17.0 67.0 0
18.0 67.0 0
19.0 67.0 0
20.0 67.0 0
21.0 67.0 0
22.0 67.0 0
23.0 67.0 0
24.0 67.0 0
25.0 67.0 0
26.0 67.0 0
27.0 67.0 0
28.0 67.0 0
29.0 67.0 0
30.0 67.0 0
31.0 67.0 0
32.0 67.0 0
33.0 67.0 0
34.0 67.0 0
35.0 67.0 0
36.0 67.0 0
37.0 67.0 0
38.0 67.0 0
39.0 67.0 0

1.0 67.5 0
2.0 67.5 0
3.0 67.5 0
4.0 67.5 0
5.0 67.5 0
6.0 67.5 0
7.0 67.5 0
8.0 67.5 0
9.0 67.5 0
10.0 67.5 0
11.0 67.5 0
12.0 67.5 0
13.0 67.5 0
14.0 67.5 0
15.0 67.5 0
16.0 67.5 0
17.0 67.5 0
18.0 67.5 0
19.0 67.5 0
20.0 67.5 0
21.0 67.5 0
22.0 67.5 0
23.0 67.5 0
24.0 67.5 0
25.0 67.5 0
26.0 67.5 0
27.0 67.5 0
28.0 67.5 0
29.0 67.5 0
30.0 67.5 0
31.0 67.5 0
32.0 67.5 0
33.0 67.5 0
34.0 67.5 0
35.0 67.5 0
36.0 67.5 0
37.0 67.5 0
38.0 67.5 0
39.0 67.5 0

1.0 68.0 0
2.0 68.0 0
3.0 68.0 0
4.0 68.0 0
5.0 68.0 0
6.0 68.0 0
7.0 68.0 0
8.0 68.0 0
9.0 68.0 0
10.0 68.0 0
11.0 68.0 0
12.0 68.0 0
13.0 68.0 0
14.0 68.0 0
15.0 68.0 0
16.0 68.0 0
17.0 68.0 0
18.0 68.0 0
19.0 68.0 0
20.0 68.0 0
21.0 68.0 0
22.0 68.0 0
23.0 68.0 0
24.0 68.0 0
25.0 68.0 0
26.0 68.0 0
27.0 68.0 0
28.0 68.0 0
29.0 68.0 0
30.0 68.0 0
31.0 68.0 0
32.0 68.0 0
33.0 68.0 0
34.0 68.0 0
35.0 68.0 0
36.0 68.0 0
37.0 68.0 0
38.0 68.0 0
39.0 68.0 0

1.0 68.5 0
2.0 68.5 0
3.0 68.5 0
4.0 68.5 0
5.0 68.5 0
6.0 68.5 0
7.0 68.5 0
8.0 68.5 0
9.0 68.5 0
10.0 68.5 0
11.0 68.5 0
12.0 68.5 0
13.0 68.5 0
14.0 68.5 0
15.0 68.5 0
16.0 68.5 0
17.0 68.5 0
18.0 68.5 0
19.0 68.5 0
20.0 68.5 0
21.0 68.5 0
22.0 68.5 0
23.0 68.5 0
24.0 68.5 0
25.0 68.5 0
26.0 68.5 0
27.0 68.5 0
28.0 68.5 0
29.0 68.5 0
30.0 68.5 0
31.0 68.5 0
32.0 68.5 0
33.0 68.5 0
34.0 68.5 0
35.0 68.5 0
36.0 68.5 0
37.0 68.5 0
38.0 68.5 0
39.0 68.5 0

1.0 69.0 0
2.0 69.0 0
3.0 69.0 0
4.0 69.0 0
5.0 69.0 0
6.0 69.0 0
7.0 69.0 0
8.0 69.0 0
9.0 69.0 0
10.0 69.0 0
11.0 69.0 0
12.0 69.0 0
13.0 69.0 0
14.0 69.0 0
15.0 69.0 0
16.0 69.0 0
17.0 69.0 0
18.0 69.0 0
19.0 69.0 0
20.0 69.0 0
21.0 69.0 0
22.0 69.0 0
23.0 69.0 0
24.0 69.0 0
25.0 69.0 0
26.0 69.0 0
27.0 69.0 0
28.0 69.0 0
29.0 69.0 0
30.0 69.0 0
31.0 69.0 0
32.0 69.0 0
33.0 69.0 0
34.0 69.0 0
35.0 69.0 0
36.0 69.0 0
37.0 69.0 0
38.0 69.0 0
39.0 69.0 0

1.0 69.5 0
2.0 69.5 0
3.0 69.5 0
4.0 69.5 0
5.0 69.5 0
6.0 69.5 0
7.0 69.5 0
8.0 69.5 0
9.0 69.5 0
10.0 69.5 0
11.0 69.5 0
12.0 69.5 0
13.0 69.5 0
14.0 69.5 0
15.0 69.5 0
16.0 69.5 0
17.0 69.5 0
18.0 69.5 0
19.0 69.5 0
20.0 69.5 0
21.0 69.5 0
22.0 69.5 0
23.0 69.5 0
24.0 69.5 0
25.0 69.5 0
26.0 69.5 0
27.0 69.5 0
28.0 69.5 0
29.0 69.5 0
30.0 69.5 0
31.0 69.5 0
32.0 69.5 0
33.0 69.5 0
34.0 69.5 0
35.0 69.5 0
36.0 69.5 0
37.0 69.5 0
38.0 69.5 0
39.0 69.5 0

1.0 70.0 0
2.0 70.0 0
3.0 70.0 0
4.0 70.0 0
5.0 70.0 0
6.0 70.0 0
7.0 70.0 0
8.0 70.0 0
9.0 70.0 0
10.0 70.0 0
11.0 70.0 0
12.0 70.0 0
13.0 70.0 0
14.0 70.0 0
15.0 70.0 0
16.0 70.0 0
17.0 70.0 0
18.0 70.0 0
19.0 70.0 0
20.0 70.0 0
21.0 70.0 0
22.0 70.0 0
23.0 70.0 0
24.0 70.0 0
25.0 70.0 0
26.0 70.0 0
27.0 70.0 0
28.0 70.0 0
29.0 70.0 0
30.0 70.0 0
31.0 70.0 0
32.0 70.0 0
33.0 70.0 0
34.0 70.0 0
35.0 70.0 0
36.0 70.0 0
37.0 70.0 0
38.0 70.0 0
39.0 70.0 0

1.0 70.5 0
2.0 70.5 0
3.0 70.5 0
4.0 70.5 0
5.0 70.5 0
6.0 70.5 0
7.0 70.5 0
8.0 70.5 0
9.0 70.5 0
10.0 70.5 0
11.0 70.5 0
12.0 70.5 0
13.0 70.5 0
14.0 70.5 0
15.0 70.5 0
16.0 70.5 0
17.0 70.5 0
18.0 70.5 0
19.0 70.5 0
20.0 70.5 0
21.0 70.5 0
22.0 70.5 0
23.0 70.5 0
24.0 70.5 0
25.0 70.5 0
26.0 70.5 0
27.0 70.5 0
28.0 70.5 0
29.0 70.5 0
30.0 70.5 0
31.0 70.5 0
32.0 70.5 0
33.0 70.5 0
34.0 70.5 0
35.0 70.5 0
36.0 70.5 0
37.0 70.5 0
38.0 70.5 0
39.0 70.5 0

1.0 71.0 0
2.0 71.0 0
3.0 71.0 0
4.0 71.0 0
5.0 71.0 0
6.0 71.0 0
7.0 71.0 0
8.0 71.0 0
9.0 71.0 0
10.0 71.0 0
11.0 71.0 0
12.0 71.0 0
13.0 71.0 0
14.0 71.0 0
15.0 71.0 0
16.0 71.0 0
17.0 71.0 0
18.0 71.0 0
19.0 71.0 0
20.0 71.0 0
21.0 71.0 0
22.0 71.0 0
23.0 71.0 0
24.0 71.0 0
25.0 71.0 0
26.0 71.0 0
27.0 71.0 0
28.0 71.0 0
29.0 71.0 0
30.0 71.0 0
31.0 71.0 0
32.0 71.0 0
33.0 71.0 0
34.0 71.0 0
35.0 71.0 0
36.0 71.0 0
37.0 71.0 0
38.0 71.0 0
39.0 71.0 0

1.0 71.5 0
2.0 71.5 0
3.0 71.5 0
4.0 71.5 0
5.0 71.5 0
6.0 71.5 0
7.0 71.5 0
8.0 71.5 0
9.0 71.5 0
10.0 71.5 0
11.0 71.5 0
12.0 71.5 0
13.0 71.5 0
14.0 71.5 0
15.0 71.5 0
16.0 71.5 0
17.0 71.5 0
18.0 71.5 0
19.0 71.5 0
20.0 71.5 0
21.0 71.5 0
22.0 71.5 0
23.0 71.5 0
24.0 71.5 0
25.0 71.5 0
26.0 71.5 0
27.0 71.5 0
28.0 71.5 0
29.0 71.5 0
30.0 71.5 0
31.0 71.5 0
32.0 71.5 0
33.0 71.5 0
34.0 71.5 0
35.0 71.5 0
36.0 71.5 0
37.0 71.5 0
38.0 71.5 0
39.0 71.5 0

1.0 72.0 0
2.0 72.0 0
3.0 72.0 0
4.0 72.0 0
5.0 72.0 0
6.0 72.0 0
7.0 72.0 0
8.0 72.0 0
9.0 72.0 0
10.0 72.0 0
11.0 72.0 0
12.0 72.0 0
13.0 72.0 0
14.0 72.0 0
15.0 72.0 0
16.0 72.0 0
17.0 72.0 0
18.0 72.0 0
19.0 72.0 0
20.0 72.0 0
21.0 72.0 0
22.0 72.0 0
23.0 72.0 0
24.0 72.0 0
25.0 72.0 0
26.0 72.0 0
27.0 72.0 0
28.0 72.0 0
29.0 72.0 0
30.0 72.0 0
31.0 72.0 0
32.0 72.0 0
33.0 72.0 0
34.0 72.0 0
35.0 72.0 0
36.0 72.0 0
37.0 72.0 0
38.0 72.0 0
39.0 72.0 0

1.0 72.5 0
2.0 72.5 0
3.0 72.5 0
4.0 72.5 0
5.0 72.5 0
6.0 72.5 0
7.0 72.5 0
8.0 72.5 0
9.0 72.5 0
10.0 72.5 0
11.0 72.5 0
12.0 72.5 0
13.0 72.5 0
14.0 72.5 0
15.0 72.5 0
16.0 72.5 0
17.0 72.5 0
18.0 72.5 0
19.0 72.5 0
20.0 72.5 0
21.0 72.5 0
22.0 72.5 0
23.0 72.5 0
24.0 72.5 0
25.0 72.5 0
26.0 72.5 0
27.0 72.5 0
28.0 72.5 0
29.0 72.5 0
30.0 72.5 0
31.0 72.5 0
32.0 72.5 0
33.0 72.5 0
34.0 72.5 0
35.0 72.5 0
36.0 72.5 0
37.0 72.5 0
38.0 72.5 0
39.0 72.5 0

1.0 73.0 0
2.0 73.0 0
3.0 73.0 0
4.0 73.0 0
5.0 73.0 0
6.0 73.0 0
7.0 73.0 0
8.0 73.0 0
9.0 73.0 0
10.0 73.0 0
11.0 73.0 0
12.0 73.0 0
13.0 73.0 0
14.0 73.0 0
15.0 73.0 0
16.0 73.0 0
17.0 73.0 0
18.0 73.0 0
19.0 73.0 0
20.0 73.0 0
21.0 73.0 0
22.0 73.0 0
23.0 73.0 0
24.0 73.0 0
25.0 73.0 0
26.0 73.0 0
27.0 73.0 0
28.0 73.0 0
29.0 73.0 0
30.0 73.0 0
31.0 73.0 0
32.0 73.0 0
33.0 73.0 0
34.0 73.0 0
35.0 73.0 0
36.0 73.0 0
37.0 73.0 0
38.0 73.0 0
39.0 73.0 0

1.0 73.5 0
2.0 73.5 0
3.0 73.5 0
4.0 73.5 0
5.0 73.5 0
6.0 73.5 0
7.0 73.5 0
8.0 73.5 0
9.0 73.5 0
10.0 73.5 0
11.0 73.5 0
12.0 73.5 0
13.0 73.5 0
14.0 73.5 0
15.0 73.5 0
16.0 73.5 0
17.0 73.5 0
18.0 73.5 0
19.0 73.5 0
20.0 73.5 0
21.0 73.5 0
22.0 73.5 0
23.0 73.5 0
24.0 73.5 0
25.0 73.5 0
26.0 73.5 0
27.0 73.5 0
28.0 73.5 0
29.0 73.5 0
30.0 73.5 0
31.0 73.5 0
32.0 73.5 0
33.0 73.5 0
34.0 73.5 0
35.0 73.5 0
36.0 73.5 0
37.0 73.5 0
38.0 73.5 0
39.0 73.5 0

1.0 74.0 0
2.0 74.0 0
3.0 74.0 0
4.0 74.0 0
5.0 74.0 0
6.0 74.0 0
7.0 74.0 0
8.0 74.0 0
9.0 74.0 0
10.0 74.0 0
11.0 74.0 0
12.0 74.0 0
13.0 74.0 0
14.0 74.0 0
15.0 74.0 0
16.0 74.0 0
17.0 74.0 0
18.0 74.0 0
19.0 74.0 0
20.0 74.0 0
21.0 74.0 0
22.0 74.0 0
23.0 74.0 0
24.0 74.0 0
25.0 74.0 0
26.0 74.0 0
27.0 74.0 0
28.0 74.0 0
29.0 74.0 0
30.0 74.0 0
31.0 74.0 0
32.0 74.0 0
33.0 74.0 0
34.0 74.0 0
35.0 74.0 0
36.0 74.0 0
37.0 74.0 0
38.0 74.0 0
39.0 74.0 0

1.0 74.5 0
2.0 74.5 0
3.0 74.5 0
4.0 74.5 0
5.0 74.5 0
6.0 74.5 0
7.0 74.5 0
8.0 74.5 0
9.0 74.5 0
10.0 74.5 0
11.0 74.5 0
12.0 74.5 0
13.0 74.5 0
14.0 74.5 0
15.0 74.5 0
16.0 74.5 0
17.0 74.5 0
18.0 74.5 0
19.0 74.5 0
20.0 74.5 0
21.0 74.5 0
22.0 74.5 0
23.0 74.5 0
24.0 74.5 0
25.0 74.5 0
26.0 74.5 0
27.0 74.5 0
28.0 74.5 0
29.0 74.5 0
30.0 74.5 0
31.0 74.5 0
32.0 74.5 0
33.0 74.5 0
34.0 74.5 0
35.0 74.5 0
36.0 74.5 0
37.0 74.5 0
38.0 74.5 0
39.0 74.5 0

1.0 75.0 0
2.0 75.0 0
3.0 75.0 0
4.0 75.0 0
5.0 75.0 0
6.0 75.0 0
7.0 75.0 0
8.0 75.0 0
9.0 75.0 0
10.0 75.0 0
11.0 75.0 0
12.0 75.0 0
13.0 75.0 0
14.0 75.0 0
15.0 75.0 0
16.0 75.0 0
17.0 75.0 0
18.0 75.0 0
19.0 75.0 0
20.0 75.0 0
21.0 75.0 0
22.0 75.0 0
23.0 75.0 0
24.0 75.0 0
25.0 75.0 0
26.0 75.0 0
27.0 75.0 0
28.0 75.0 0
29.0 75.0 0
30.0 75.0 0
31.0 75.0 0
32.0 75.0 0
33.0 75.0 0
34.0 75.0 0
35.0 75.0 0
36.0 75.0 0
37.0 75.0 0
38.0 75.0 0
39.0 75.0 0

1.0 75.5 0
2.0 75.5 0
3.0 75.5 0
4.0 75.5 0
5.0 75.5 0
6.0 75.5 0
7.0 75.5 0
8.0 75.5 0
9.0 75.5 0
10.0 75.5 0
11.0 75.5 0
12.0 75.5 0
13.0 75.5 0
14.0 75.5 0
15.0 75.5 0
16.0 75.5 0
17.0 75.5 0
18.0 75.5 0
19.0 75.5 0
20.0 75.5 0
21.0 75.5 0
22.0 75.5 0
23.0 75.5 0
24.0 75.5 0
25.0 75.5 0
26.0 75.5 0
27.0 75.5 0
28.0 75.5 0
29.0 75.5 0
30.0 75.5 0
31.0 75.5 0
32.0 75.5 0
33.0 75.5 0
34.0 75.5 0
35.0 75.5 0
36.0 75.5 0
37.0 75.5 0
38.0 75.5 0
39.0 75.5 0

1.0 76.0 0
2.0 76.0 0
3.0 76.0 0
4.0 76.0 0
5.0 76.0 0
6.0 76.0 0
7.0 76.0 0
8.0 76.0 0
9.0 76.0 0
10.0 76.0 0
11.0 76.0 0
12.0 76.0 0
13.0 76.0 0
14.0 76.0 0
15.0 76.0 0
16.0 76.0 0
17.0 76.0 0
18.0 76.0 0
19.0 76.0 0
20.0 76.0 0
21.0 76.0 0
22.0 76.0 0
23.0 76.0 0
24.0 76.0 0
25.0 76.0 0
26.0 76.0 0
27.0 76.0 0
28.0 76.0 0
29.0 76.0 0
30.0 76.0 0
31.0 76.0 0
32.0 76.0 0
33.0 76.0 0
34.0 76.0 0
35.0 76.0 0
36.0 76.0 0
37.0 76.0 0
38.0 76.0 0
39.0 76.0 0

1.0 76.5 0
2.0 76.5 0
3.0 76.5 0
4.0 76.5 0
5.0 76.5 0
6.0 76.5 0
7.0 76.5 0
8.0 76.5 0
9.0 76.5 0
10.0 76.5 0
11.0 76.5 0
12.0 76.5 0
13.0 76.5 0
14.0 76.5 0
15.0 76.5 0
16.0 76.5 0
17.0 76.5 0
18.0 76.5 0
19.0 76.5 0
20.0 76.5 0
21.0 76.5 0
22.0 76.5 0
23.0 76.5 0
24.0 76.5 0
25.0 76.5 0
26.0 76.5 0
27.0 76.5 0
28.0 76.5 0
29.0 76.5 0
30.0 76.5 0
31.0 76.5 0
32.0 76.5 0
33.0 76.5 0
34.0 76.5 0
35.0 76.5 0
36.0 76.5 0
37.0 76.5 0
38.0 76.5 0
39.0 76.5 0

1.0 77.0 0
2.0 77.0 0
3.0 77.0 0
4.0 77.0 0
5.0 77.0 0
6.0 77.0 0
7.0 77.0 0
8.0 77.0 0
9.0 77.0 0
10.0 77.0 0
11.0 77.0 0
12.0 77.0 0
13.0 77.0 0
14.0 77.0 0
15.0 77.0 0
16.0 77.0 0
17.0 77.0 0
18.0 77.0 0
19.0 77.0 0
20.0 77.0 0
21.0 77.0 0
22.0 77.0 0
23.0 77.0 0
24.0 77.0 0
25.0 77.0 0
26.0 77.0 0
27.0 77.0 0
28.0 77.0 0
29.0 77.0 0
30.0 77.0 0
31.0 77.0 0
32.0 77.0 0
33.0 77.0 0
34.0 77.0 0
35.0 77.0 0
36.0 77.0 0
37.0 77.0 0
38.0 77.0 0
39.0 77.0 0

1.0 77.5 0
2.0 77.5 0
3.0 77.5 0
4.0 77.5 0
5.0 77.5 0
6.0 77.5 0
7.0 77.5 0
8.0 77.5 0
9.0 77.5 0
10.0 77.5 0
11.0 77.5 0
12.0 77.5 0
13.0 77.5 0
14.0 77.5 0
15.0 77.5 0
16.0 77.5 0
17.0 77.5 0
18.0 77.5 0
19.0 77.5 0
20.0 77.5 0
21.0 77.5 0
22.0 77.5 0
23.0 77.5 0
24.0 77.5 0
25.0 77.5 0
26.0 77.5 0
27.0 77.5 0
28.0 77.5 0
29.0 77.5 0
30.0 77.5 0
31.0 77.5 0
32.0 77.5 0
33.0 77.5 0
34.0 77.5 0
35.0 77.5 0
36.0 77.5 0
37.0 77.5 0
38.0 77.5 0
39.0 77.5 0

1.0 78.0 0
2.0 78.0 0
3.0 78.0 0
4.0 78.0 0
5.0 78.0 0
6.0 78.0 0
7.0 78.0 0
8.0 78.0 0
9.0 78.0 0
10.0 78.0 0
11.0 78.0 0
12.0 78.0 0
13.0 78.0 0
14.0 78.0 0
15.0 78.0 0
16.0 78.0 0
17.0 78.0 0
18.0 78.0 0
19.0 78.0 0
20.0 78.0 0
21.0 78.0 0
22.0 78.0 0
23.0 78.0 0
24.0 78.0 0
25.0 78.0 0
26.0 78.0 0
27.0 78.0 0
28.0 78.0 0
29.0 78.0 0
30.0 78.0 0
31.0 78.0 0
32.0 78.0 0
33.0 78.0 0
34.0 78.0 0
35.0 78.0 0
36.0 78.0 0
37.0 78.0 0
38.0 78.0 0
39.0 78.0 0

1.0 78.5 0
2.0 78.5 0
3.0 78.5 0
4.0 78.5 0
5.0 78.5 0
6.0 78.5 0
7.0 78.5 0
8.0 78.5 0
9.0 78.5 0
10.0 78.5 0
11.0 78.5 0
12.0 78.5 0
13.0 78.5 0
14.0 78.5 0
15.0 78.5 0
16.0 78.5 0
17.0 78.5 0
18.0 78.5 0
19.0 78.5 0
20.0 78.5 0
21.0 78.5 0
22.0 78.5 0
23.0 78.5 0
24.0 78.5 0
25.0 78.5 0
26.0 78.5 0
27.0 78.5 0
28.0 78.5 0
29.0 78.5 0
30.0 78.5 0
31.0 78.5 0
32.0 78.5 0
33.0 78.5 0
34.0 78.5 0
35.0 78.5 0
36.0 78.5 0
37.0 78.5 0
38.0 78.5 0
39.0 78.5 0

1.0 79.0 0
2.0 79.0 0
3.0 79.0 0
4.0 79.0 0
5.0 79.0 0
6.0 79.0 0
7.0 79.0 0
8.0 79.0 0
9.0 79.0 0
10.0 79.0 0
11.0 79.0 0
12.0 79.0 0
13.0 79.0 0
14.0 79.0 0
15.0 79.0 0
16.0 79.0 0
17.0 79.0 0
18.0 79.0 0
19.0 79.0 0
20.0 79.0 0
21.0 79.0 0
22.0 79.0 0
23.0 79.0 0
24.0 79.0 0
25.0 79.0 0
26.0 79.0 0
27.0 79.0 0
28.0 79.0 0
29.0 79.0 0
30.0 79.0 0
31.0 79.0 0
32.0 79.0 0
33.0 79.0 0
34.0 79.0 0
35.0 79.0 0
36.0 79.0 0
37.0 79.0 0
38.0 79.0 0
39.0 79.0 0

1.0 79.5 0
2.0 79.5 0
3.0 79.5 0
4.0 79.5 0
5.0 79.5 0
6.0 79.5 0
7.0 79.5 0
8.0 79.5 0
9.0 79.5 0
10.0 79.5 0
11.0 79.5 0
12.0 79.5 0
13.0 79.5 0
14.0 79.5 0
15.0 79.5 0
16.0 79.5 0
17.0 79.5 0
18.0 79.5 0
19.0 79.5 0
20.0 79.5 0
21.0 79.5 0
22.0 79.5 0
23.0 79.5 0
24.0 79.5 0
25.0 79.5 0
26.0 79.5 0
27.0 79.5 0
28.0 79.5 0
29.0 79.5 0
30.0 79.5 0
31.0 79.5 0
32.0 79.5 0
33.0 79.5 0
34.0 79.5 0
35.0 79.5 0
36.0 79.5 0
37.0 79.5 0
38.0 79.5 0
39.0 79.5 0

1.0 80.0 0
2.0 80.0 0
3.0 80.0 0
4.0 80.0 0
5.0 80.0 0
6.0 80.0 0
7.0 80.0 0
8.0 80.0 0
9.0 80.0 0
10.0 80.0 0
11.0 80.0 0
12.0 80.0 0
13.0 80.0 0
14.0 80.0 0
15.0 80.0 0
16.0 80.0 0
17.0 80.0 0
18.0 80.0 0
19.0 80.0 0
20.0 80.0 0
21.0 80.0 0
22.0 80.0 0
23.0 80.0 0
24.0 80.0 0
25.0 80.0 0
26.0 80.0 0
27.0 80.0 0
28.0 80.0 0
29.0 80.0 0
30.0 80.0 0
31.0 80.0 0
32.0 80.0 0
33.0 80.0 0
34.0 80.0 0
35.0 80.0 0
36.0 80.0 0
37.0 80.0 0
38.0 80.0 0
39.0 80.0 0

1.0 80.5 0
2.0 80.5 0
3.0 80.5 0
4.0 80.5 0
5.0 80.5 0
6.0 80.5 0
7.0 80.5 0
8.0 80.5 0
9.0 80.5 0
10.0 80.5 0
11.0 80.5 0
12.0 80.5 0
13.0 80.5 0
14.0 80.5 0
15.0 80.5 0
16.0 80.5 0
17.0 80.5 0
18.0 80.5 0
19.0 80.5 0
20.0 80.5 0
21.0 80.5 0
22.0 80.5 0
23.0 80.5 0
24.0 80.5 0
25.0 80.5 0
26.0 80.5 0
27.0 80.5 0
28.0 80.5 0
29.0 80.5 0
30.0 80.5 0
31.0 80.5 0
32.0 80.5 0
33.0 80.5 0
34.0 80.5 0
35.0 80.5 0
36.0 80.5 0
37.0 80.5 0
38.0 80.5 0
39.0 80.5 0

1.0 81.0 0
2.0 81.0 0
3.0 81.0 0
4.0 81.0 0
5.0 81.0 0
6.0 81.0 0
7.0 81.0 0
8.0 81.0 0
9.0 81.0 0
10.0 81.0 0
11.0 81.0 0
12.0 81.0 0
13.0 81.0 0
14.0 81.0 0
15.0 81.0 0
16.0 81.0 0
17.0 81.0 0
18.0 81.0 0
19.0 81.0 0
20.0 81.0 0
21.0 81.0 0
22.0 81.0 0
23.0 81.0 0
24.0 81.0 0
25.0 81.0 0
26.0 81.0 0
27.0 81.0 0
28.0 81.0 0
29.0 81.0 0
30.0 81.0 0
31.0 81.0 0
32.0 81.0 0
33.0 81.0 0
34.0 81.0 0
35.0 81.0 0
36.0 81.0 0
37.0 81.0 0
38.0 81.0 0
39.0 81.0 0

1.0 81.5 0
2.0 81.5 0
3.0 81.5 0
4.0 81.5 0
5.0 81.5 0
6.0 81.5 0
7.0 81.5 0
8.0 81.5 0
9.0 81.5 0
10.0 81.5 0
11.0 81.5 0
12.0 81.5 0
13.0 81.5 0
14.0 81.5 0
15.0 81.5 0
16.0 81.5 0
17.0 81.5 0
18.0 81.5 0
19.0 81.5 0
20.0 81.5 0
21.0 81.5 0
22.0 81.5 0
23.0 81.5 0
24.0 81.5 0
25.0 81.5 0
26.0 81.5 0
27.0 81.5 0
28.0 81.5 0
29.0 81.5 0
30.0 81.5 0
31.0 81.5 0
32.0 81.5 0
33.0 81.5 0
34.0 81.5 0
35.0 81.5 0
36.0 81.5 0
37.0 81.5 0
38.0 81.5 0
39.0 81.5 0

1.0 82.0 0
2.0 82.0 0
3.0 82.0 0
4.0 82.0 0
5.0 82.0 0
6.0 82.0 0
7.0 82.0 0
8.0 82.0 0
9.0 82.0 0
10.0 82.0 0
11.0 82.0 0
12.0 82.0 0
13.0 82.0 0
14.0 82.0 0
15.0 82.0 0
16.0 82.0 0
17.0 82.0 0
18.0 82.0 0
19.0 82.0 0
20.0 82.0 0
21.0 82.0 0
22.0 82.0 0
23.0 82.0 0
24.0 82.0 0
25.0 82.0 0
26.0 82.0 0
27.0 82.0 0
28.0 82.0 0
29.0 82.0 0
30.0 82.0 0
31.0 82.0 0
32.0 82.0 0
33.0 82.0 0
34.0 82.0 0
35.0 82.0 0
36.0 82.0 0
37.0 82.0 0
38.0 82.0 0
39.0 82.0 0

1.0 82.5 0
2.0 82.5 0
3.0 82.5 0
4.0 82.5 0
5.0 82.5 0
6.0 82.5 0
7.0 82.5 0
8.0 82.5 0
9.0 82.5 0
10.0 82.5 0
11.0 82.5 0
12.0 82.5 0
13.0 82.5 0
14.0 82.5 0
15.0 82.5 0
16.0 82.5 0
17.0 82.5 0
18.0 82.5 0
19.0 82.5 0
20.0 82.5 0
21.0 82.5 0
22.0 82.5 0
23.0 82.5 0
24.0 82.5 0
25.0 82.5 0
26.0 82.5 0
27.0 82.5 0
28.0 82.5 0
29.0 82.5 0
30.0 82.5 0
31.0 82.5 0
32.0 82.5 0
33.0 82.5 0
34.0 82.5 0
35.0 82.5 0
36.0 82.5 0
37.0 82.5 0
38.0 82.5 0
39.0 82.5 0

1.0 83.0 0
2.0 83.0 0
3.0 83.0 0
4.0 83.0 0
5.0 83.0 0
6.0 83.0 0
7.0 83.0 0
8.0 83.0 0
9.0 83.0 0
10.0 83.0 0
11.0 83.0 0
12.0 83.0 0
13.0 83.0 0
14.0 83.0 0
15.0 83.0 0
16.0 83.0 0
17.0 83.0 0
18.0 83.0 0
19.0 83.0 0
20.0 83.0 0
21.0 83.0 0
22.0 83.0 0
23.0 83.0 0
24.0 83.0 0
25.0 83.0 0
26.0 83.0 0
27.0 83.0 0
28.0 83.0 0
29.0 83.0 0
30.0 83.0 0
31.0 83.0 0
32.0 83.0 0
33.0 83.0 0
34.0 83.0 0
35.0 83.0 0
36.0 83.0 0
37.0 83.0 0
38.0 83.0 0
39.0 83.0 0

1.0 83.5 0
2.0 83.5 0
3.0 83.5 0
4.0 83.5 0
5.0 83.5 0
6.0 83.5 0
7.0 83.5 0
8.0 83.5 0
9.0 83.5 0
10.0 83.5 0
11.0 83.5 0
12.0 83.5 0
13.0 83.5 0
14.0 83.5 0
15.0 83.5 0
16.0 83.5 0
17.0 83.5 0
18.0 83.5 0
19.0 83.5 0
20.0 83.5 0
21.0 83.5 0
22.0 83.5 0
23.0 83.5 0
24.0 83.5 0
25.0 83.5 0
26.0 83.5 0
27.0 83.5 0
28.0 83.5 0
29.0 83.5 0
30.0 83.5 0
31.0 83.5 0
32.0 83.5 0
33.0 83.5 0
34.0 83.5 0
35.0 83.5 0
36.0 83.5 0
37.0 83.5 0
38.0 83.5 0
39.0 83.5 0

1.0 84.0 0
2.0 84.0 0
3.0 84.0 0
4.0 84.0 0
5.0 84.0 0
6.0 84.0 0
7.0 84.0 0
8.0 84.0 0
9.0 84.0 0
10.0 84.0 0
11.0 84.0 0
12.0 84.0 0
13.0 84.0 0
14.0 84.0 0
15.0 84.0 0
16.0 84.0 0
17.0 84.0 0
18.0 84.0 0
19.0 84.0 0
20.0 84.0 0
21.0 84.0 0
22.0 84.0 0
23.0 84.0 0
24.0 84.0 0
25.0 84.0 0
26.0 84.0 0
27.0 84.0 0
28.0 84.0 0
29.0 84.0 0
30.0 84.0 0
31.0 84.0 0
32.0 84.0 0
33.0 84.0 0
34.0 84.0 0
35.0 84.0 0
36.0 84.0 0
37.0 84.0 0
38.0 84.0 0
39.0 84.0 0

1.0 84.5 0
2.0 84.5 0
3.0 84.5 0
4.0 84.5 0
5.0 84.5 0
6.0 84.5 0
7.0 84.5 0
8.0 84.5 0
9.0 84.5 0
10.0 84.5 0
11.0 84.5 0
12.0 84.5 0
13.0 84.5 0
14.0 84.5 0
15.0 84.5 0
16.0 84.5 0
17.0 84.5 0
18.0 84.5 0
19.0 84.5 0
20.0 84.5 0
21.0 84.5 0
22.0 84.5 0
23.0 84.5 0
24.0 84.5 0
25.0 84.5 0
26.0 84.5 0
27.0 84.5 0
28.0 84.5 0
29.0 84.5 0
30.0 84.5 0
31.0 84.5 0
32.0 84.5 0
33.0 84.5 0
34.0 84.5 0
35.0 84.5 0
36.0 84.5 0
37.0 84.5 0
38.0 84.5 0
39.0 84.5 0

1.0 85.0 0
2.0 85.0 0
3.0 85.0 0
4.0 85.0 0
5.0 85.0 0
6.0 85.0 0
7.0 85.0 0
8.0 85.0 0
9.0 85.0 0
10.0 85.0 0
11.0 85.0 0
12.0 85.0 0
13.0 85.0 0
14.0 85.0 0
15.0 85.0 0
16.0 85.0 0
17.0 85.0 0
18.0 85.0 0
19.0 85.0 0
20.0 85.0 0
21.0 85.0 0
22.0 85.0 0
23.0 85.0 0
24.0 85.0 0
25.0 85.0 0
26.0 85.0 0
27.0 85.0 0
28.0 85.0 0
29.0 85.0 0
30.0 85.0 0
31.0 85.0 0
32.0 85.0 0
33.0 85.0 0
34.0 85.0 0
35.0 85.0 0
36.0 85.0 0
37.0 85.0 0
38.0 85.0 0
39.0 85.0 0

1.0 85.5 0
2.0 85.5 0
3.0 85.5 0
4.0 85.5 0
5.0 85.5 0
6.0 85.5 0
7.0 85.5 0
8.0 85.5 0
9.0 85.5 0
10.0 85.5 0
11.0 85.5 0
12.0 85.5 0
13.0 85.5 0
14.0 85.5 0
15.0 85.5 0
16.0 85.5 0
17.0 85.5 0
18.0 85.5 0
19.0 85.5 0
20.0 85.5 0
21.0 85.5 0
22.0 85.5 0
23.0 85.5 0
24.0 85.5 0
25.0 85.5 0
26.0 85.5 0
27.0 85.5 0
28.0 85.5 0
29.0 85.5 0
30.0 85.5 0
31.0 85.5 0
32.0 85.5 0
33.0 85.5 0
34.0 85.5 0
35.0 85.5 0
36.0 85.5 0
37.0 85.5 0
38.0 85.5 0
39.0 85.5 0

1.0 86.0 0
2.0 86.0 0
3.0 86.0 0
4.0 86.0 0
5.0 86.0 0
6.0 86.0 0
7.0 86.0 0
8.0 86.0 0
9.0 86.0 0
10.0 86.0 0
11.0 86.0 0
12.0 86.0 0
13.0 86.0 0
14.0 86.0 0
15.0 86.0 0
16.0 86.0 0
17.0 86.0 0
18.0 86.0 0
19.0 86.0 0
20.0 86.0 0
21.0 86.0 0
22.0 86.0 0
23.0 86.0 0
24.0 86.0 0
25.0 86.0 0
26.0 86.0 0
27.0 86.0 0
28.0 86.0 0
29.0 86.0 0
30.0 86.0 0
31.0 86.0 0
32.0 86.0 0
33.0 86.0 0
34.0 86.0 0
35.0 86.0 0
36.0 86.0 0
37.0 86.0 0
38.0 86.0 0
39.0 86.0 0

1.0 86.5 0
2.0 86.5 0
3.0 86.5 0
4.0 86.5 0
5.0 86.5 0
6.0 86.5 0
7.0 86.5 0
8.0 86.5 0
9.0 86.5 0
10.0 86.5 0
11.0 86.5 0
12.0 86.5 0
13.0 86.5 0
14.0 86.5 0
15.0 86.5 0
16.0 86.5 0
17.0 86.5 0
18.0 86.5 0
19.0 86.5 0
20.0 86.5 0
21.0 86.5 0
22.0 86.5 0
23.0 86.5 0
24.0 86.5 0
25.0 86.5 0
26.0 86.5 0
27.0 86.5 0
28.0 86.5 0
29.0 86.5 0
30.0 86.5 0
31.0 86.5 0
32.0 86.5 0
33.0 86.5 0
34.0 86.5 0
35.0 86.5 0
36.0 86.5 0
37.0 86.5 0
38.0 86.5 0
39.0 86.5 0

1.0 87.0 0
2.0 87.0 0
3.0 87.0 0
4.0 87.0 0
5.0 87.0 0
6.0 87.0 0
7.0 87.0 0
8.0 87.0 0
9.0 87.0 0
10.0 87.0 0
11.0 87.0 0
12.0 87.0 0
13.0 87.0 0
14.0 87.0 0
15.0 87.0 0
16.0 87.0 0
17.0 87.0 0
18.0 87.0 0
19.0 87.0 0
20.0 87.0 0
21.0 87.0 0
22.0 87.0 0
23.0 87.0 0
24.0 87.0 0
25.0 87.0 0
26.0 87.0 0
27.0 87.0 0
28.0 87.0 0
29.0 87.0 0
30.0 87.0 0
31.0 87.0 0
32.0 87.0 0
33.0 87.0 0
34.0 87.0 0
35.0 87.0 0
36.0 87.0 0
37.0 87.0 0
38.0 87.0 0
39.0 87.0 0

1.0 87.5 0
2.0 87.5 0
3.0 87.5 0
4.0 87.5 0
5.0 87.5 0
6.0 87.5 0
7.0 87.5 0
8.0 87.5 0
9.0 87.5 0
10.0 87.5 0
11.0 87.5 0
12.0 87.5 0
13.0 87.5 0
14.0 87.5 0
15.0 87.5 0
16.0 87.5 0
17.0 87.5 0
18.0 87.5 0
19.0 87.5 0
20.0 87.5 0
21.0 87.5 0
22.0 87.5 0
23.0 87.5 0
24.0 87.5 0
25.0 87.5 0
26.0 87.5 0
27.0 87.5 0
28.0 87.5 0
29.0 87.5 0
30.0 87.5 0
31.0 87.5 0
32.0 87.5 0
33.0 87.5 0
34.0 87.5 0
35.0 87.5 0
36.0 87.5 0
37.0 87.5 0
38.0 87.5 0
39.0 87.5 0

1.0 88.0 0
2.0 88.0 0
3.0 88.0 0
4.0 88.0 0
5.0 88.0 0
6.0 88.0 0
7.0 88.0 0
8.0 88.0 0
9.0 88.0 0
10.0 88.0 0
11.0 88.0 0
12.0 88.0 0
13.0 88.0 0
14.0 88.0 0
15.0 88.0 0
16.0 88.0 0
17.0 88.0 0
18.0 88.0 0
19.0 88.0 0
20.0 88.0 0
21.0 88.0 0
22.0 88.0 0
23.0 88.0 0
24.0 88.0 0
25.0 88.0 0
26.0 88.0 0
27.0 88.0 0
28.0 88.0 0
29.0 88.0 0
30.0 88.0 0
31.0 88.0 0
32.0 88.0 0
33.0 88.0 0
34.0 88.0 0
35.0 88.0 0
36.0 88.0 0
37.0 88.0 0
38.0 88.0 0
39.0 88.0 0

1.0 88.5 0
2.0 88.5 0
3.0 88.5 0
4.0 88.5 0
5.0 88.5 0
6.0 88.5 0
7.0 88.5 0
8.0 88.5 0
9.0 88.5 0
10.0 88.5 0
11.0 88.5 0
12.0 88.5 0
13.0 88.5 0
14.0 88.5 0
15.0 88.5 0
16.0 88.5 0
17.0 88.5 0
18.0 88.5 0
19.0 88.5 0
20.0 88.5 0
21.0 88.5 0
22.0 88.5 0
23.0 88.5 0
24.0 88.5 0
25.0 88.5 0
26.0 88.5 0
27.0 88.5 0
28.0 88.5 0
29.0 88.5 0
30.0 88.5 0
31.0 88.5 0
32.0 88.5 0
33.0 88.5 0
34.0 88.5 0
35.0 88.5 0
36.0 88.5 0
37.0 88.5 0
38.0 88.5 0
39.0 88.5 0

1.0 89.0 0
2.0 89.0 0
3.0 89.0 0
4.0 89.0 0
5.0 89.0 0
6.0 89.0 0
7.0 89.0 0
8.0 89.0 0
9.0 89.0 0
10.0 89.0 0
11.0 89.0 0
12.0 89.0 0
13.0 89.0 0
14.0 89.0 0
15.0 89.0 0
16.0 89.0 0
17.0 89.0 0
18.0 89.0 0
19.0 89.0 0
20.0 89.0 0
21.0 89.0 0
22.0 89.0 0
23.0 89.0 0
24.0 89.0 0
25.0 89.0 0
26.0 89.0 0
27.0 89.0 0
28.0 89.0 0
29.0 89.0 0
30.0 89.0 0
31.0 89.0 0
32.0 89.0 0
33.0 89.0 0
34.0 89.0 0
35.0 89.0 0
36.0 89.0 0
37.0 89.0 0
38.0 89.0 0
39.0 89.0 0

1.0 89.5 0
2.0 89.5 0
3.0 89.5 0
4.0 89.5 0
5.0 89.5 0
6.0 89.5 0
7.0 89.5 0
8.0 89.5 0
9.0 89.5 0
10.0 89.5 0
11.0 89.5 0
12.0 89.5 0
13.0 89.5 0
14.0 89.5 0
15.0 89.5 0
16.0 89.5 0
17.0 89.5 0
18.0 89.5 0
19.0 89.5 0
20.0 89.5 0
21.0 89.5 0
22.0 89.5 0
23.0 89.5 0
24.0 89.5 0
25.0 89.5 0
26.0 89.5 0
27.0 89.5 0
28.0 89.5 0
29.0 89.5 0
30.0 89.5 0
31.0 89.5 0
32.0 89.5 0
33.0 89.5 0
34.0 89.5 0
35.0 89.5 0
36.0 89.5 0
37.0 89.5 0
38.0 89.5 0
39.0 89.5 0

1.0 90.0 0
2.0 90.0 0
3.0 90.0 0
4.0 90.0 0
5.0 90.0 0
6.0 90.0 0
7.0 90.0 0
8.0 90.0 0
9.0 90.0 0
10.0 90.0 0
11.0 90.0 0
12.0 90.0 0
13.0 90.0 0
14.0 90.0 0
15.0 90.0 0
16.0 90.0 0
17.0 90.0 0
18.0 90.0 0
19.0 90.0 0
20.0 90.0 0
21.0 90.0 0
22.0 90.0 0
23.0 90.0 0
24.0 90.0 0
25.0 90.0 0
26.0 90.0 0
27.0 90.0 0
28.0 90.0 0
29.0 90.0 0
30.0 90.0 0
31.0 90.0 0
32.0 90.0 0
33.0 90.0 0
34.0 90.0 0
35.0 90.0 0
36.0 90.0 0
37.0 90.0 0
38.0 90.0 0
39.0 90.0 0

1.0 90.5 0
2.0 90.5 0
3.0 90.5 0
4.0 90.5 0
5.0 90.5 0
6.0 90.5 0
7.0 90.5 0
8.0 90.5 0
9.0 90.5 0
10.0 90.5 0
11.0 90.5 0
12.0 90.5 0
13.0 90.5 0
14.0 90.5 0
15.0 90.5 0
16.0 90.5 0
17.0 90.5 0
18.0 90.5 0
19.0 90.5 0
20.0 90.5 0
21.0 90.5 0
22.0 90.5 0
23.0 90.5 0
24.0 90.5 0
25.0 90.5 0
26.0 90.5 0
27.0 90.5 0
28.0 90.5 0
29.0 90.5 0
30.0 90.5 0
31.0 90.5 0
32.0 90.5 0
33.0 90.5 0
34.0 90.5 0
35.0 90.5 0
36.0 90.5 0
37.0 90.5 0
38.0 90.5 0
39.0 90.5 0

1.0 91.0 0
2.0 91.0 0
3.0 91.0 0
4.0 91.0 0
5.0 91.0 0
6.0 91.0 0
7.0 91.0 0
8.0 91.0 0
9.0 91.0 0
10.0 91.0 0
11.0 91.0 0
12.0 91.0 0
13.0 91.0 0
14.0 91.0 0
15.0 91.0 0
16.0 91.0 0
17.0 91.0 0
18.0 91.0 0
19.0 91.0 0
20.0 91.0 0
21.0 91.0 0
22.0 91.0 0
23.0 91.0 0
24.0 91.0 0
25.0 91.0 0
26.0 91.0 0
27.0 91.0 0
28.0 91.0 0
29.0 91.0 0
30.0 91.0 0
31.0 91.0 0
32.0 91.0 0
33.0 91.0 0
34.0 91.0 0
35.0 91.0 0
36.0 91.0 0
37.0 91.0 0
38.0 91.0 0
39.0 91.0 0

1.0 91.5 0
2.0 91.5 0
3.0 91.5 0
4.0 91.5 0
5.0 91.5 0
6.0 91.5 0
7.0 91.5 0
8.0 91.5 0
9.0 91.5 0
10.0 91.5 0
11.0 91.5 0
12.0 91.5 0
13.0 91.5 0
14.0 91.5 0
15.0 91.5 0
16.0 91.5 0
17.0 91.5 0
18.0 91.5 0
19.0 91.5 0
20.0 91.5 0
21.0 91.5 0
22.0 91.5 0
23.0 91.5 0
24.0 91.5 0
25.0 91.5 0
26.0 91.5 0
27.0 91.5 0
28.0 91.5 0
29.0 91.5 0
30.0 91.5 0
31.0 91.5 0
32.0 91.5 0
33.0 91.5 0
34.0 91.5 0
35.0 91.5 0
36.0 91.5 0
37.0 91.5 0
38.0 91.5 0
39.0 91.5 0

1.0 92.0 0
2.0 92.0 0
3.0 92.0 0
4.0 92.0 0
5.0 92.0 0
6.0 92.0 0
7.0 92.0 0
8.0 92.0 0
9.0 92.0 0
10.0 92.0 0
11.0 92.0 0
12.0 92.0 0
13.0 92.0 0
14.0 92.0 0
15.0 92.0 0
16.0 92.0 0
17.0 92.0 0
18.0 92.0 0
19.0 92.0 0
20.0 92.0 0
21.0 92.0 0
22.0 92.0 0
23.0 92.0 0
24.0 92.0 0
25.0 92.0 0
26.0 92.0 0
27.0 92.0 0
28.0 92.0 0
29.0 92.0 0
30.0 92.0 0
31.0 92.0 0
32.0 92.0 0
33.0 92.0 0
34.0 92.0 0
35.0 92.0 0
36.0 92.0 0
37.0 92.0 0
38.0 92.0 0
39.0 92.0 0

1.0 92.5 0
2.0 92.5 0
3.0 92.5 0
4.0 92.5 0
5.0 92.5 0
6.0 92.5 0
7.0 92.5 0
8.0 92.5 0
9.0 92.5 0
10.0 92.5 0
11.0 92.5 0
12.0 92.5 0
13.0 92.5 0
14.0 92.5 0
15.0 92.5 0
16.0 92.5 0
17.0 92.5 0
18.0 92.5 0
19.0 92.5 0
20.0 92.5 0
21.0 92.5 0
22.0 92.5 0
23.0 92.5 0
24.0 92.5 0
25.0 92.5 0
26.0 92.5 0
27.0 92.5 0
28.0 92.5 0
29.0 92.5 0
30.0 92.5 0
31.0 92.5 0
32.0 92.5 0
33.0 92.5 0
34.0 92.5 0
35.0 92.5 0
36.0 92.5 0
37.0 92.5 0
38.0 92.5 0
39.0 92.5 0

1.0 93.0 0
2.0 93.0 0
3.0 93.0 0
4.0 93.0 0
5.0 93.0 0
6.0 93.0 0
7.0 93.0 0
8.0 93.0 0
9.0 93.0 0
10.0 93.0 0
11.0 93.0 0
12.0 93.0 0
13.0 93.0 0
14.0 93.0 0
15.0 93.0 0
16.0 93.0 0
17.0 93.0 0
18.0 93.0 0
19.0 93.0 0
20.0 93.0 0
21.0 93.0 0
22.0 93.0 0
23.0 93.0 0
24.0 93.0 0
25.0 93.0 0
26.0 93.0 0
27.0 93.0 0
28.0 93.0 0
29.0 93.0 0
30.0 93.0 0
31.0 93.0 0
32.0 93.0 0
33.0 93.0 0
34.0 93.0 0
35.0 93.0 0
36.0 93.0 0
37.0 93.0 0
38.0 93.0 0
39.0 93.0 0

1.0 93.5 0
2.0 93.5 0
3.0 93.5 0
4.0 93.5 0
5.0 93.5 0
6.0 93.5 0
7.0 93.5 0
8.0 93.5 0
9.0 93.5 0
10.0 93.5 0
11.0 93.5 0
12.0 93.5 0
13.0 93.5 0
14.0 93.5 0
15.0 93.5 0
16.0 93.5 0
17.0 93.5 0
18.0 93.5 0
19.0 93.5 0
20.0 93.5 0
21.0 93.5 0
22.0 93.5 0
23.0 93.5 0
24.0 93.5 0
25.0 93.5 0
26.0 93.5 0
27.0 93.5 0
28.0 93.5 0
29.0 93.5 0
30.0 93.5 0
31.0 93.5 0
32.0 93.5 0
33.0 93.5 0
34.0 93.5 0
35.0 93.5 0
36.0 93.5 0
37.0 93.5 0
38.0 93.5 0
39.0 93.5 0

1.0 94.0 1
2.0 94.0 0
3.0 94.0 0
4.0 94.0 0
5.0 94.0 0
6.0 94.0 0
7.0 94.0 0
8.0 94.0 0
9.0 94.0 0
10.0 94.0 0
11.0 94.0 0
12.0 94.0 0
13.0 94.0 0
14.0 94.0 0
15.0 94.0 0
16.0 94.0 0
17.0 94.0 0
18.0 94.0 0
19.0 94.0 0
20.0 94.0 0
21.0 94.0 0
22.0 94.0 0
23.0 94.0 0
24.0 94.0 0
25.0 94.0 0
26.0 94.0 0
27.0 94.0 0
28.0 94.0 0
29.0 94.0 0
30.0 94.0 0
31.0 94.0 0
32.0 94.0 0
33.0 94.0 0
34.0 94.0 0
35.0 94.0 0
36.0 94.0 0
37.0 94.0 0
38.0 94.0 0
39.0 94.0 0

1.0 94.5 0
2.0 94.5 0
3.0 94.5 0
4.0 94.5 0
5.0 94.5 0
6.0 94.5 0
7.0 94.5 0
8.0 94.5 0
9.0 94.5 0
10.0 94.5 0
11.0 94.5 0
12.0 94.5 0
13.0 94.5 0
14.0 94.5 0
15.0 94.5 0
16.0 94.5 0
17.0 94.5 0
18.0 94.5 0
19.0 94.5 0
20.0 94.5 0
21.0 94.5 0
22.0 94.5 0
23.0 94.5 0
24.0 94.5 0
25.0 94.5 0
26.0 94.5 0
27.0 94.5 0
28.0 94.5 0
29.0 94.5 0
30.0 94.5 0
31.0 94.5 0
32.0 94.5 0
33.0 94.5 0
34.0 94.5 0
35.0 94.5 0
36.0 94.5 0
37.0 94.5 0
38.0 94.5 0
39.0 94.5 0
